Reach,ENS_0,ENS_1,ENS_2,ENS_3,ENS_4,ENS_5,ENS_6,ENS_7,ENS_8,ENS_9,ENS_10,ENS_11,ENS_12,ENS_13,ENS_14,ENS_15,ENS_16,ENS_17,ENS_18,ENS_19,ENS_20
bearc117,16,15,14.1,13.3,12.5,11.9,11.3,10.7,10.2,9.8,9.4,9,8.6,8.3,8,7.7,7.5,7.2,7,6.8,6.6
bearc208,20,17.9,16,14.4,13,11.8,10.8,9.9,9.2,8.5,8,7.5,7.1,6.7,6.4,6.1,5.8,5.6,5.4,5.2,5.1
bearc270,15,13.6,12.2,11,10,9,8.2,7.5,6.8,6.3,5.8,5.4,5,4.7,4.5,4.2,4,3.9,3.7,3.6,3.5
bearc281,27,24.7,22.6,20.8,19.2,17.8,16.6,15.5,14.5,13.7,13,12.3,11.8,11.3,10.8,10.4,10,9.7,9.4,9.2,8.9
bearc310,22,19.8,17.9,16.3,14.9,13.7,12.6,11.7,11,10.3,9.7,9.2,8.7,8.3,8,7.6,7.4,7.1,6.8,6.6,6.4
bearc320,27,22.3,18.4,15.3,12.8,10.8,9.3,8.1,7.2,6.4,5.8,5.4,5,4.6,4.4,4.1,3.9,3.8,3.6,3.5,3.4
bearc340,22,20.9,19.9,19,18.1,17.4,16.7,16,15.4,14.9,14.4,13.9,13.5,13.1,12.8,12.4,12.1,11.9,11.6,11.4,11.1
bearc361,30,27.3,24.8,22.6,20.6,18.9,17.3,15.9,14.6,13.6,12.6,11.7,11,10.3,9.7,9.2,8.7,8.3,7.9,7.6,7.3
bearc382,15,13,11.3,9.9,8.7,7.7,6.9,6.3,5.8,5.3,4.9,4.6,4.4,4.1,3.9,3.8,3.6,3.5,3.4,3.3,3.2
bearc67,12,11.2,10.4,9.8,9.2,8.7,8.2,7.9,7.5,7.2,7,6.8,6.6,6.5,6.3,6.2,6.1,6,5.9,5.8,5.8
bmudd110,15,14.4,13.8,13.2,12.7,12.2,11.7,11.3,10.9,10.5,10.1,9.8,9.4,9.1,8.8,8.6,8.3,8.1,7.8,7.6,7.4
bmudd1282,9,8,7.2,6.5,5.9,5.4,4.9,4.6,4.3,4,3.8,3.6,3.5,3.3,3.2,3.1,3,2.9,2.8,2.8,2.7
bmudd1297,15,13.6,12.2,11,9.9,9,8.1,7.4,6.8,6.3,5.8,5.5,5.1,4.9,4.7,4.5,4.3,4.1,4,3.9,3.8
bmudd1354,20,18.8,17.7,16.7,15.7,14.9,14.1,13.3,12.7,12.1,11.6,11.1,10.6,10.2,9.9,9.6,9.3,9,8.8,8.6,8.4
bmudd1464,23,21.6,20.4,19.3,18.2,17.3,16.5,15.8,15.1,14.5,14,13.5,13.1,12.7,12.4,12.1,11.8,11.6,11.3,11.1,10.9
bmudd1474,11,9.7,8.5,7.5,6.7,6,5.4,4.9,4.5,4.2,3.9,3.7,3.5,3.3,3.2,3,2.9,2.9,2.8,2.7,2.7
bmudd1598,18,16.9,15.9,14.9,13.9,13,12.1,11.3,10.6,9.9,9.3,8.7,8.2,7.7,7.3,6.9,6.6,6.3,6,5.8,5.6
bmudd160,11,10.1,9.2,8.6,8,7.5,7.1,6.8,6.5,6.3,6.1,5.9,5.7,5.6,5.5,5.4,5.3,5.2,5.1,5,5
bmudd1601,21,20.3,19.7,19.1,18.5,18,17.5,17,16.6,16.2,15.9,15.5,15.2,14.9,14.7,14.4,14.2,14,13.8,13.6,13.4
bmudd1615,18,15.7,13.5,11.5,9.7,8.2,6.9,5.8,4.9,4.3,3.7,3.3,3,2.8,2.6,2.4,2.3,2.2,2.1,2,2
bmudd1647,14,13.1,12.1,11.3,10.5,9.7,9,8.4,7.8,7.2,6.8,6.4,6,5.7,5.4,5.1,4.9,4.7,4.6,4.4,4.3
bmudd1833,21,19.3,17.8,16.5,15.2,14.2,13.2,12.4,11.7,11.1,10.6,10.1,9.7,9.4,9.1,8.8,8.5,8.3,8.1,8,7.8
bmudd1967,20,18.8,17.7,16.6,15.6,14.7,13.9,13.2,12.5,11.9,11.4,10.9,10.4,10,9.6,9.3,9,8.7,8.5,8.2,8
bmudd1977,18,17.1,16.2,15.4,14.7,14,13.4,12.8,12.3,11.8,11.4,11,10.6,10.3,10,9.8,9.5,9.3,9.1,8.9,8.7
bmudd2110,16,14.7,13.6,12.6,11.8,11,10.4,9.9,9.4,9,8.7,8.4,8.2,7.9,7.7,7.6,7.4,7.3,7.2,7,6.9
bmudd2163,12,10.3,8.8,7.4,6.3,5.4,4.6,4,3.6,3.2,2.9,2.6,2.5,2.3,2.2,2.1,2,1.9,1.9,1.8,1.8
bmudd2325,12,11.5,11,10.5,10,9.5,9.1,8.6,8.2,7.9,7.5,7.2,6.9,6.6,6.3,6.1,5.9,5.6,5.5,5.3,5.1
bmudd2329,18,17.1,16.2,15.4,14.6,13.9,13.2,12.6,12,11.5,11.1,10.6,10.2,9.9,9.6,9.3,9,8.7,8.5,8.3,8.1
bmudd2358,13,12.3,11.6,11,10.4,9.9,9.3,8.9,8.4,8,7.6,7.3,6.9,6.7,6.4,6.2,5.9,5.7,5.6,5.4,5.3
bmudd2388,23,22.2,21.5,20.8,20.1,19.4,18.8,18.2,17.6,17.1,16.6,16.1,15.7,15.3,14.9,14.5,14.1,13.8,13.5,13.2,12.9
bmudd2396,7,6.4,5.8,5.2,4.8,4.4,4,3.7,3.5,3.2,3,2.9,2.8,2.6,2.5,2.5,2.4,2.3,2.3,2.2,2.2
bmudd2419,17,16.3,15.7,15,14.4,13.9,13.3,12.8,12.3,11.9,11.5,11.1,10.7,10.4,10.1,9.8,9.6,9.3,9.1,8.9,8.7
bmudd2422,15,14.3,13.6,12.9,12.2,11.6,11.1,10.5,10,9.6,9.1,8.8,8.4,8.1,7.8,7.5,7.3,7,6.8,6.6,6.5
bmudd246,25,23.5,22.1,20.8,19.7,18.6,17.7,16.9,16.2,15.6,15.1,14.6,14.2,13.8,13.4,13.1,12.9,12.6,12.4,12.2,12
bmudd2493,21,19.6,18.2,17,15.9,14.8,13.9,13.1,12.3,11.7,11.1,10.6,10.1,9.8,9.4,9.1,8.8,8.6,8.4,8.2,8
bmudd2529,20,18.9,17.8,16.9,16.1,15.3,14.6,14,13.4,12.9,12.5,12.1,11.7,11.3,11,10.8,10.5,10.3,10.1,9.9,9.7
bmudd2536,12,11.7,11.3,11,10.7,10.3,10,9.7,9.3,9,8.7,8.4,8.1,7.9,7.6,7.3,7.1,6.9,6.6,6.4,6.3
bmudd2542,27,25.6,24.3,23,21.8,20.7,19.6,18.7,17.7,16.9,16.1,15.4,14.8,14.2,13.6,13.2,12.7,12.3,11.9,11.6,11.2
bmudd2547,10,9.7,9.4,9.1,8.9,8.6,8.4,8.2,8,7.9,7.7,7.5,7.4,7.3,7.2,7,6.9,6.8,6.7,6.6,6.6
bmudd2563,10,9.6,9.3,9,8.6,8.4,8.1,7.8,7.6,7.4,7.2,7.1,6.9,6.7,6.6,6.5,6.4,6.3,6.2,6.1,6
bmudd2583,13,11.8,10.7,9.7,8.8,8.1,7.4,6.9,6.4,6,5.7,5.4,5.1,4.9,4.7,4.5,4.4,4.3,4.1,4,3.9
bmudd2584,9,8.6,8.2,7.8,7.4,7.1,6.7,6.4,6.2,5.9,5.7,5.5,5.3,5.1,4.9,4.8,4.6,4.5,4.4,4.3,4.2
bmudd2653,15,14.2,13.4,12.7,12.1,11.6,11.1,10.7,10.3,10,9.7,9.5,9.3,9.1,8.9,8.7,8.6,8.4,8.3,8.2,8.1
bmudd2695,15,13,11.4,10.2,9.2,8.4,7.7,7.2,6.7,6.3,6,5.7,5.5,5.3,5.1,4.9,4.7,4.6,4.5,4.3,4.2
bmudd2731,15,14,13.1,12.3,11.6,10.9,10.3,9.7,9.2,8.8,8.4,8,7.7,7.4,7.1,6.9,6.6,6.4,6.3,6.1,5.9
bmudd283,15,14.1,13.3,12.5,11.9,11.3,10.8,10.3,9.8,9.4,9.1,8.7,8.4,8.1,7.9,7.6,7.4,7.2,7,6.8,6.6
bmudd341,9,8.6,8.2,7.8,7.5,7.2,6.9,6.6,6.4,6.2,6,5.9,5.7,5.6,5.4,5.3,5.2,5.1,5,4.9,4.9
bmudd432,8,7.2,6.5,5.9,5.4,4.9,4.5,4.2,3.8,3.6,3.3,3.1,3,2.8,2.7,2.6,2.5,2.4,2.3,2.3,2.2
bmudd532,22,20,18.3,16.7,15.3,14.1,13,12,11.2,10.4,9.8,9.2,8.7,8.3,7.9,7.6,7.3,7,6.8,6.6,6.4
bmudd588,18,17,16.1,15.2,14.4,13.6,12.8,12.1,11.5,10.8,10.3,9.7,9.2,8.8,8.4,8,7.6,7.3,7,6.7,6.5
bmudd614,20,18.5,17.1,15.9,14.8,13.9,13,12.3,11.7,11.2,10.7,10.4,10,9.7,9.4,9.2,9,8.8,8.6,8.5,8.3
bmudd634,19,17.7,16.5,15.4,14.4,13.4,12.6,11.8,11.1,10.4,9.9,9.4,8.9,8.5,8.1,7.8,7.5,7.2,6.9,6.7,6.5
bmudd794,17,15.7,14.5,13.4,12.4,11.5,10.7,10,9.3,8.8,8.3,7.8,7.5,7.1,6.8,6.5,6.3,6.1,5.9,5.7,5.5
bmudd889,15,13.8,12.6,11.6,10.5,9.6,8.8,8.1,7.4,6.9,6.4,6,5.6,5.3,5,4.8,4.6,4.5,4.3,4.2,4.1
bmudd975,13,12.5,12,11.6,11.2,10.9,10.6,10.2,10,9.7,9.5,9.3,9.1,8.9,8.7,8.5,8.4,8.2,8.1,8,7.8
bmudd991,12,11.7,11.5,11.2,11,10.7,10.5,10.2,10,9.8,9.5,9.3,9.1,8.9,8.7,8.5,8.4,8.2,8,7.9,7.7
broui134,29,26.3,23.9,21.8,20,18.5,17.2,16.1,15.1,14.3,13.6,12.9,12.4,11.9,11.5,11.1,10.7,10.4,10.1,9.9,9.6
broui387,19,17.3,15.8,14.7,13.7,12.9,12.2,11.6,11.1,10.7,10.3,9.9,9.6,9.3,9.1,8.8,8.6,8.4,8.3,8.1,7.9
broui460,24,20.7,17.8,15.3,13.2,11.4,9.9,8.6,7.6,6.8,6.2,5.7,5.3,4.9,4.6,4.4,4.2,4,3.9,3.8,3.7
broui489,27,22.9,19.4,16.5,14.1,12.3,10.8,9.6,8.7,7.9,7.3,6.9,6.5,6.2,5.9,5.7,5.5,5.4,5.2,5.1,5
broui511,26,24,22.3,20.8,19.5,18.4,17.4,16.6,15.9,15.3,14.7,14.2,13.8,13.4,13.1,12.8,12.5,12.2,12,11.7,11.5
broui524,19,16.6,14.7,13,11.7,10.6,9.8,9,8.4,8,7.5,7.2,6.9,6.6,6.4,6.2,6.1,5.9,5.8,5.7,5.6
broui542,24,21.7,19.7,17.8,16.2,14.7,13.5,12.4,11.4,10.6,9.9,9.3,8.8,8.3,7.9,7.6,7.2,7,6.7,6.5,6.3
broui64,11,10.5,10,9.6,9.2,8.8,8.4,8,7.7,7.4,7.1,6.8,6.6,6.4,6.1,5.9,5.8,5.6,5.5,5.3,5.2
broui66,25,22.8,20.8,19.1,17.6,16.3,15.1,14.1,13.2,12.4,11.6,11,10.4,9.8,9.4,8.9,8.5,8.2,7.9,7.6,7.3
broui80,31,27,23.6,20.8,18.5,16.5,14.8,13.4,12.3,11.3,10.4,9.7,9,8.5,8,7.6,7.2,6.9,6.6,6.3,6.1
cache116,16,14.3,12.9,11.5,10.4,9.4,8.5,7.8,7.2,6.7,6.2,5.8,5.5,5.2,5,4.8,4.6,4.5,4.3,4.2,4.1
cache126,18,16.8,15.7,14.7,13.9,13.1,12.4,11.7,11.2,10.7,10.2,9.8,9.5,9.2,8.9,8.6,8.4,8.2,8,7.8,7.7
cache137,7,6.7,6.4,6.1,5.9,5.7,5.4,5.2,5,4.9,4.7,4.5,4.4,4.3,4.2,4.1,4,3.9,3.8,3.8,3.7
cache155,15,14.6,14.3,14,13.7,13.5,13.2,13,12.8,12.6,12.4,12.2,12,11.9,11.7,11.6,11.5,11.4,11.2,11.1,11
cache174,17,15.6,14.3,13.1,12,11.1,10.3,9.6,9,8.4,8,7.6,7.3,7,6.8,6.6,6.4,6.2,6.1,6,5.9
cache182,15,14.2,13.4,12.7,12,11.4,10.8,10.3,9.8,9.4,9,8.7,8.4,8.1,7.9,7.6,7.4,7.3,7.1,6.9,6.8
cache215,12,11.7,11.4,11.1,10.9,10.6,10.4,10.2,10,9.8,9.6,9.5,9.3,9.1,9,8.9,8.7,8.6,8.5,8.4,8.3
cache247,16,14.8,13.7,12.7,11.8,11,10.3,9.6,9,8.5,8.1,7.7,7.3,7,6.7,6.5,6.3,6.1,5.9,5.8,5.6
cache255,14,12.5,11.4,10.4,9.6,8.9,8.4,7.9,7.5,7.2,6.9,6.6,6.4,6.2,6,5.8,5.7,5.5,5.4,5.3,5.2
cache256,5,4.6,4.2,3.9,3.6,3.4,3.2,3.1,3,2.8,2.7,2.7,2.6,2.5,2.5,2.4,2.4,2.3,2.3,2.2,2.2
cache268,14,10.9,8.5,6.6,5.2,4.2,3.5,2.9,2.6,2.3,2.1,1.9,1.8,1.7,1.6,1.6,1.5,1.5,1.4,1.4,1.4
cache273,16,14.4,12.9,11.6,10.5,9.6,8.8,8.1,7.5,6.9,6.5,6.1,5.8,5.5,5.2,5,4.8,4.6,4.5,4.3,4.2
cache279,22,18.8,16,13.7,11.8,10.2,9,7.9,7.1,6.4,5.8,5.4,5,4.7,4.4,4.2,4,3.8,3.7,3.6,3.4
cache290,19,17.4,15.9,14.5,13.3,12.2,11.2,10.3,9.6,8.9,8.3,7.8,7.3,6.9,6.6,6.3,6,5.8,5.6,5.4,5.2
cache296,24,22.6,21.3,20.1,18.9,17.8,16.8,15.8,14.9,14.1,13.4,12.7,12.1,11.5,11,10.5,10.1,9.7,9.4,9,8.8
cache334,18,16.5,15.2,13.9,12.8,11.7,10.8,10,9.3,8.7,8.2,7.7,7.3,7,6.7,6.4,6.2,6,5.8,5.7,5.5
cache347,25,23.3,21.7,20.1,18.6,17.1,15.7,14.4,13.1,12,11,10.1,9.3,8.6,8,7.4,7,6.6,6.2,5.9,5.6
cache360,13,11.9,11,10.2,9.4,8.8,8.3,7.8,7.4,7.1,6.8,6.5,6.3,6.1,5.9,5.8,5.6,5.5,5.4,5.3,5.2
cache365,15,13.7,12.6,11.7,11,10.4,9.8,9.4,9.1,8.8,8.5,8.3,8.1,7.9,7.7,7.6,7.4,7.3,7.2,7.1,7
cache399,9,8.3,7.6,7.1,6.7,6.3,6,5.7,5.5,5.2,5,4.9,4.7,4.5,4.4,4.2,4.1,4,3.9,3.8,3.7
cache405,7,6.5,6,5.7,5.4,5.1,4.9,4.7,4.5,4.3,4.2,4.1,4,3.9,3.8,3.7,3.7,3.6,3.5,3.5,3.4
cache42,16,15.1,14.3,13.6,12.9,12.3,11.7,11.2,10.7,10.3,9.9,9.6,9.3,9,8.8,8.5,8.3,8.1,8,7.8,7.7
cache438,19,18.1,17.2,16.3,15.4,14.6,13.9,13.1,12.5,11.8,11.2,10.7,10.2,9.7,9.3,9,8.6,8.3,8,7.8,7.5
cache447,14,12.9,11.8,10.9,10,9.2,8.5,7.9,7.4,6.9,6.5,6.1,5.8,5.6,5.3,5.1,4.9,4.8,4.7,4.5,4.4
cache495,18,17.1,16.2,15.3,14.5,13.7,12.9,12.2,11.6,11,10.4,9.9,9.4,9,8.6,8.3,7.9,7.7,7.4,7.2,6.9
cache504,10,9.2,8.6,8,7.6,7.2,6.8,6.6,6.4,6.2,6,5.9,5.7,5.6,5.5,5.5,5.4,5.3,5.3,5.2,5.2
cache523,9,7.7,6.6,5.8,5.1,4.6,4.1,3.8,3.5,3.3,3.1,3,2.9,2.8,2.7,2.6,2.5,2.5,2.4,2.4,2.3
cache528,15,13.7,12.5,11.5,10.6,9.9,9.3,8.8,8.4,8,7.7,7.4,7.2,6.9,6.8,6.6,6.5,6.3,6.2,6.1,6
cache54,9,8.1,7.4,6.8,6.3,5.8,5.5,5.2,4.9,4.7,4.5,4.3,4.2,4,3.9,3.8,3.7,3.6,3.5,3.5,3.4
cache564,16,14.8,13.8,12.8,12,11.2,10.6,10,9.5,9,8.6,8.2,7.9,7.6,7.4,7.1,6.9,6.7,6.5,6.4,6.2
cache577,20,18.3,16.7,15.3,14.1,13.1,12.2,11.4,10.7,10.1,9.5,9.1,8.7,8.3,8,7.7,7.4,7.2,7,6.8,6.6
cache593,26,23.9,21.9,20.2,18.6,17.2,16,14.9,13.9,13,12.2,11.4,10.8,10.2,9.6,9.1,8.7,8.3,7.9,7.6,7.3
cache614,7,6.7,6.4,6.1,5.9,5.6,5.4,5.1,4.9,4.7,4.5,4.3,4.2,4,3.9,3.8,3.6,3.5,3.4,3.4,3.3
cache650,28,25.7,23.5,21.5,19.6,18,16.5,15.2,14.1,13.1,12.2,11.4,10.7,10.1,9.6,9.2,8.8,8.4,8.1,7.8,7.6
cache658,7,6.5,6.1,5.7,5.3,5,4.6,4.3,4.1,3.8,3.6,3.4,3.2,3.1,3,2.8,2.7,2.6,2.5,2.5,2.4
cache681,13,12.3,11.7,11.1,10.6,10.1,9.6,9.2,8.9,8.5,8.3,8,7.8,7.6,7.4,7.2,7.1,6.9,6.8,6.7,6.6
cache690,15,13.6,12.5,11.5,10.8,10.2,9.7,9.3,8.9,8.6,8.4,8.2,8,7.9,7.7,7.6,7.5,7.4,7.3,7.3,7.2
cache723,16,14.3,12.8,11.5,10.3,9.2,8.3,7.6,7,6.4,6,5.6,5.3,5,4.8,4.6,4.4,4.3,4.2,4,3.9
cache725,12,11.2,10.5,9.9,9.4,9,8.6,8.3,8,7.8,7.6,7.4,7.2,7.1,7,6.8,6.7,6.6,6.5,6.5,6.4
cache75,20,18.1,16.4,14.9,13.6,12.4,11.4,10.5,9.8,9.1,8.6,8.1,7.7,7.3,7,6.7,6.5,6.3,6.1,5.9,5.8
cache809,21,18.8,16.8,15,13.5,12.2,11.1,10.1,9.3,8.7,8.1,7.7,7.3,7,6.7,6.5,6.3,6.1,5.9,5.8,5.7
cache81,19,18,17.1,16.2,15.5,14.8,14.2,13.6,13.2,12.7,12.3,12,11.7,11.4,11.1,10.9,10.6,10.4,10.2,10.1,9.9
cache825,12,10.8,9.7,8.7,7.8,7.1,6.4,5.8,5.3,4.8,4.5,4.1,3.9,3.6,3.4,3.2,3.1,3,2.9,2.8,2.7
cahok115,20,16.6,13.9,11.8,10.1,8.8,7.8,7,6.4,5.9,5.5,5.2,4.9,4.7,4.5,4.4,4.3,4.2,4.1,4,3.9
cahok217,14,12.5,11.1,9.9,8.8,7.9,7.1,6.4,5.9,5.4,5,4.7,4.5,4.2,4.1,3.9,3.8,3.7,3.6,3.5,3.4
cahok223,16,15.1,14.2,13.4,12.6,11.9,11.3,10.7,10.2,9.7,9.3,8.9,8.6,8.2,7.9,7.7,7.4,7.2,7,6.8,6.7
cahok342,7,6.9,6.8,6.7,6.6,6.5,6.4,6.3,6.2,6.2,6.1,6,6,5.9,5.9,5.8,5.8,5.7,5.7,5.7,5.6
cahok366,14,13.3,12.6,11.9,11.3,10.6,10,9.5,9,8.5,8.1,7.7,7.3,7,6.7,6.5,6.2,6,5.8,5.7,5.5
cahok401,9,8.3,7.7,7.1,6.5,6,5.6,5.2,4.8,4.5,4.3,4.1,3.9,3.7,3.6,3.5,3.4,3.3,3.2,3.2,3.1
cahok449,16,14.3,12.8,11.4,10.1,9,8,7.2,6.5,5.9,5.4,5,4.7,4.5,4.2,4.1,3.9,3.8,3.7,3.6,3.5
cahok463,11,10.2,9.6,9,8.4,8,7.5,7.2,6.8,6.5,6.3,6,5.8,5.7,5.5,5.3,5.2,5.1,5,4.9,4.8
cahok467,11,10.3,9.8,9.3,8.9,8.5,8.3,8,7.8,7.6,7.4,7.3,7.1,7,6.9,6.8,6.7,6.6,6.5,6.5,6.4
cahok50,14,12.3,10.8,9.4,8.2,7.2,6.3,5.5,4.9,4.4,4,3.7,3.4,3.2,3,2.9,2.8,2.7,2.6,2.5,2.5
cahok578,15,13.4,12,10.7,9.6,8.6,7.8,7.1,6.5,5.9,5.5,5.1,4.8,4.6,4.3,4.1,4,3.8,3.7,3.6,3.5
cahok602,15,13.4,12.1,10.8,9.8,8.9,8.1,7.4,6.9,6.4,5.9,5.6,5.3,5,4.8,4.5,4.4,4.2,4.1,3.9,3.8
cahok684,13,12.5,12,11.5,11.1,10.6,10.3,9.9,9.6,9.2,8.9,8.7,8.4,8.2,8,7.8,7.6,7.4,7.2,7.1,6.9
coope498,23,20.8,18.9,17.2,15.8,14.6,13.6,12.7,11.9,11.2,10.7,10.1,9.7,9.3,8.9,8.6,8.3,8,7.8,7.6,7.4
coope601,14,12.9,11.9,11,10.2,9.5,9,8.4,8,7.6,7.2,6.9,6.7,6.4,6.2,6,5.9,5.7,5.6,5.5,5.4
edwar1013,29,26.2,23.6,21.2,19.1,17.1,15.4,13.9,12.7,11.5,10.6,9.8,9.1,8.5,8,7.5,7.1,6.8,6.5,6.2,6
edwar1034,22,20,18.1,16.5,15.1,13.8,12.7,11.7,10.9,10.1,9.5,9,8.5,8.1,7.8,7.4,7.2,6.9,6.7,6.5,6.4
edwar1214,11,10.8,10.6,10.3,10.1,9.9,9.8,9.6,9.4,9.2,9.1,8.9,8.8,8.7,8.6,8.4,8.3,8.2,8.1,8,7.9
edwar1368,26,23.7,21.7,20,18.6,17.3,16.2,15.3,14.5,13.8,13.1,12.6,12.1,11.6,11.2,10.9,10.6,10.3,10,9.8,9.6
edwar1370,26,24.2,22.5,20.9,19.4,18,16.7,15.5,14.4,13.3,12.4,11.6,10.8,10.2,9.6,9,8.6,8.1,7.7,7.4,7.1
edwar145,19,17.1,15.4,13.9,12.6,11.5,10.6,9.8,9.1,8.5,8,7.6,7.2,6.9,6.7,6.4,6.2,6,5.9,5.7,5.6
edwar1452,23,20.9,19,17.2,15.6,14.1,12.9,11.7,10.7,9.9,9.1,8.5,8,7.5,7.1,6.7,6.4,6.2,6,5.8,5.6
edwar225,19,17.7,16.5,15.4,14.3,13.2,12.3,11.3,10.5,9.7,9,8.4,7.8,7.3,6.8,6.4,6,5.7,5.4,5.2,4.9
edwar275,20,18.9,17.9,17,16.2,15.5,14.9,14.3,13.8,13.4,13,12.6,12.3,12,11.7,11.5,11.3,11.1,10.9,10.7,10.5
edwar511,24,22.3,20.8,19.4,18.2,17,16,15.1,14.3,13.6,12.9,12.3,11.8,11.3,10.9,10.5,10.1,9.8,9.5,9.2,9
edwar602,13,12.2,11.4,10.7,10,9.4,8.8,8.3,7.9,7.5,7.1,6.8,6.5,6.2,6,5.8,5.6,5.4,5.3,5.1,5
edwar728,14,13.4,12.8,12.3,11.7,11.2,10.8,10.4,10,9.6,9.3,9,8.7,8.4,8.2,8,7.8,7.6,7.4,7.2,7.1
edwar730,16,14.8,13.7,12.6,11.6,10.7,9.9,9.2,8.6,8,7.6,7.1,6.8,6.5,6.2,5.9,5.7,5.6,5.4,5.3,5.1
edwar916,11,10.2,9.5,8.9,8.4,8,7.6,7.2,6.9,6.6,6.3,6.1,5.9,5.7,5.5,5.3,5.2,5,4.9,4.8,4.7
edwar943,14,13.3,12.7,12.1,11.5,10.9,10.4,9.9,9.5,9.1,8.7,8.3,8,7.7,7.5,7.2,7,6.8,6.6,6.4,6.3
embar1014,27,24.8,22.8,21,19.5,18.1,16.9,15.8,14.9,14,13.3,12.6,12.1,11.6,11.1,10.7,10.3,10,9.7,9.4,9.2
embar1080,31,28,25.5,23.3,21.4,19.7,18.2,16.9,15.8,14.8,13.9,13.1,12.3,11.7,11.1,10.6,10.1,9.6,9.2,8.9,8.6
embar1095,19,17.3,15.7,14.3,13.1,12,11,10.2,9.4,8.8,8.2,7.7,7.2,6.8,6.5,6.2,5.9,5.6,5.4,5.2,5
embar1105,24,21.3,19,17,15.3,13.8,12.6,11.6,10.8,10.1,9.6,9.1,8.7,8.4,8.1,7.9,7.7,7.5,7.4,7.3,7.1
embar1116,21,19,17.3,15.8,14.6,13.5,12.6,11.8,11.1,10.5,10,9.6,9.2,8.8,8.5,8.2,8,7.7,7.5,7.3,7.1
embar1232,25,22.9,21,19.4,17.9,16.7,15.6,14.7,13.8,13.1,12.5,11.9,11.4,10.9,10.5,10.1,9.7,9.4,9.1,8.8,8.5
embar1330,17,15.5,14.2,13,11.9,10.9,10,9.2,8.5,7.9,7.4,6.9,6.5,6.2,5.8,5.6,5.3,5.1,4.9,4.7,4.5
embar1336,36,32.6,29.5,26.7,24.1,21.7,19.6,17.8,16.1,14.7,13.4,12.4,11.4,10.6,9.9,9.3,8.8,8.3,7.9,7.6,7.3
embar1382,17,13.5,10.7,8.3,6.5,5.2,4.3,3.6,3.1,2.8,2.5,2.3,2.2,2.1,2,1.9,1.9,1.8,1.8,1.8,1.7
embar1388,31,29,27.2,25.6,24.1,22.8,21.7,20.7,19.8,19,18.4,17.7,17.2,16.7,16.3,15.9,15.5,15.2,14.9,14.6,14.4
embar1475,24,21.1,18.4,16.1,14,12.1,10.6,9.2,8.1,7.2,6.4,5.8,5.2,4.8,4.5,4.2,3.9,3.7,3.5,3.4,3.2
embar1510,31,26.4,22.4,19,16.2,13.9,12.1,10.6,9.4,8.4,7.6,7,6.5,6.1,5.7,5.4,5.2,4.9,4.8,4.6,4.4
embar1532,23,21.1,19.5,18,16.8,15.7,14.8,14,13.2,12.6,12.1,11.6,11.1,10.7,10.4,10,9.7,9.5,9.2,9,8.8
embar220,30,27.5,25.3,23.3,21.5,20,18.6,17.4,16.4,15.5,14.7,14.1,13.5,13,12.5,12.1,11.8,11.4,11.2,10.9,10.7
embar255,23,21.6,20.3,19.1,18,17,16.1,15.2,14.5,13.9,13.3,12.7,12.2,11.8,11.4,11,10.7,10.4,10.1,9.9,9.6
embar265,30,24.9,20.7,17.2,14.4,12.2,10.5,9.1,8,7.2,6.5,5.9,5.5,5.1,4.8,4.5,4.3,4.1,4,3.8,3.7
embar266,13,12.1,11.2,10.4,9.6,8.8,8.1,7.4,6.8,6.3,5.8,5.4,5,4.7,4.4,4.1,3.9,3.7,3.6,3.4,3.3
embar275,16,13.4,11.1,9.2,7.6,6.4,5.4,4.7,4.1,3.7,3.3,3,2.8,2.7,2.5,2.4,2.3,2.2,2.2,2.1,2.1
embar287,31,28,25.2,22.8,20.7,18.8,17.2,15.8,14.7,13.7,12.8,12.1,11.5,10.9,10.5,10.1,9.7,9.4,9.1,8.9,8.7
embar480,32,28.5,25.5,22.9,20.7,18.8,17.1,15.7,14.5,13.5,12.6,11.9,11.2,10.6,10.1,9.6,9.2,8.9,8.6,8.3,8
embar505,17,16.2,15.5,14.8,14.1,13.5,13,12.5,12,11.5,11.1,10.7,10.4,10.1,9.8,9.5,9.2,9,8.7,8.5,8.3
embar51,20,16.5,13.7,11.5,9.8,8.4,7.3,6.5,5.8,5.3,4.8,4.5,4.2,3.9,3.7,3.5,3.4,3.2,3.1,3,2.9
embar542,22,20.3,18.8,17.4,16.2,15.1,14.1,13.2,12.5,11.8,11.2,10.7,10.3,9.9,9.5,9.2,9,8.7,8.5,8.3,8.2
embar612,24,22.5,21.1,19.8,18.7,17.6,16.7,15.8,15.1,14.4,13.8,13.2,12.7,12.3,11.8,11.5,11.1,10.8,10.5,10.3,10
embar635,29,25.1,21.8,19.2,17,15.2,13.8,12.5,11.5,10.6,9.9,9.3,8.7,8.3,7.9,7.5,7.2,7,6.7,6.5,6.3
embar682,26,23.1,20.6,18.4,16.5,14.8,13.4,12.3,11.2,10.4,9.7,9.1,8.5,8.1,7.7,7.3,7,6.8,6.5,6.3,6.2
embar684,34,31.4,29.1,27,25.1,23.5,22,20.7,19.5,18.5,17.5,16.7,16,15.3,14.7,14.2,13.7,13.3,12.9,12.5,12.2
embar688,27,25,23.2,21.5,20,18.7,17.5,16.4,15.5,14.6,13.9,13.2,12.6,12.1,11.6,11.2,10.8,10.5,10.1,9.9,9.6
embar701,24,20.5,17.6,15.1,13.2,11.6,10.3,9.3,8.6,7.9,7.4,7,6.7,6.4,6.1,5.9,5.8,5.6,5.5,5.4,5.3
embar720,31,26.9,23.3,20.1,17.3,14.9,12.9,11.2,9.8,8.6,7.7,6.9,6.3,5.7,5.3,4.9,4.6,4.3,4.1,3.9,3.8
embar762,22,20.7,19.4,18.2,17,15.9,14.9,13.9,13,12.2,11.4,10.7,10,9.5,8.9,8.5,8,7.7,7.3,7,6.8
embar827,20,16.4,13.8,11.9,10.4,9.3,8.4,7.7,7.1,6.6,6.2,5.8,5.5,5.2,5,4.8,4.6,4.4,4.3,4.2,4
embar891,20,18.9,17.9,16.9,16,15.2,14.4,13.7,13,12.4,11.9,11.3,10.9,10.4,10,9.7,9.3,9,8.8,8.5,8.3
embar895,22,18.8,16.3,14.2,12.6,11.3,10.2,9.4,8.7,8.2,7.7,7.4,7,6.7,6.5,6.3,6.1,5.9,5.8,5.6,5.5
embar90013,35,32.1,29.4,27,24.9,22.9,21.2,19.7,18.3,17.1,16,15.1,14.3,13.5,12.9,12.3,11.8,11.3,10.9,10.5,10.1
embar964,32,28.2,24.8,21.9,19.5,17.4,15.7,14.3,13.1,12.1,11.3,10.6,10,9.5,9,8.6,8.3,8,7.7,7.5,7.3
illin10065,16,14.8,13.8,12.9,12.2,11.5,11,10.6,10.2,9.8,9.5,9.2,9,8.7,8.5,8.4,8.2,8,7.9,7.8,7.7
illin1011,8,7.8,7.7,7.5,7.3,7.1,7,6.8,6.7,6.5,6.3,6.2,6,5.9,5.8,5.6,5.5,5.4,5.3,5.2,5.1
illin1017,13,11.9,11,10.2,9.6,9,8.6,8.2,7.8,7.5,7.2,6.9,6.7,6.5,6.3,6.1,5.9,5.8,5.6,5.5,5.4
illin10172,10,9.4,8.8,8.3,7.9,7.5,7.1,6.8,6.6,6.3,6.1,5.9,5.8,5.6,5.5,5.4,5.3,5.2,5.1,5,5
illin10189,24,21.7,19.7,18,16.5,15.3,14.2,13.3,12.5,11.9,11.3,10.9,10.4,10.1,9.8,9.5,9.2,9,8.8,8.6,8.5
illin10192,15,12.7,10.8,9.2,7.9,6.9,6.1,5.5,5,4.6,4.3,4.1,3.9,3.8,3.6,3.5,3.4,3.3,3.3,3.2,3.2
illin1027,20,17.9,16.1,14.5,13.1,11.8,10.7,9.8,9,8.3,7.6,7.1,6.6,6.2,5.8,5.5,5.3,5,4.8,4.6,4.4
illin1041,6,5.5,5.1,4.7,4.4,4.2,4,3.8,3.6,3.5,3.4,3.3,3.3,3.2,3.1,3.1,3,3,3,3,2.9
illin10450,16,14.8,13.7,12.7,11.7,10.9,10,9.3,8.7,8.1,7.6,7.1,6.7,6.3,6,5.7,5.5,5.3,5.1,4.9,4.8
illin10453,28,25.1,22.5,20.3,18.4,16.8,15.5,14.4,13.4,12.7,12,11.4,11,10.5,10.2,9.9,9.6,9.4,9.2,9,8.8
illin10458,19,17.3,15.7,14.3,13,11.9,10.9,10,9.3,8.6,8,7.5,7.1,6.7,6.4,6.1,5.8,5.6,5.4,5.3,5.1
illin10495,16,15.4,14.9,14.4,13.9,13.4,12.9,12.5,12,11.6,11.2,10.9,10.5,10.2,9.9,9.6,9.3,9.1,8.8,8.6,8.4
illin1051,13,12.3,11.7,11.1,10.6,10.1,9.7,9.3,8.9,8.5,8.2,8,7.7,7.5,7.3,7.1,6.9,6.7,6.6,6.5,6.3
illin1054,30,27.6,25.4,23.4,21.7,20.1,18.8,17.5,16.5,15.5,14.6,13.9,13.2,12.6,12,11.5,11,10.6,10.3,9.9,9.6
illin10593,20,18.1,16.3,14.8,13.4,12.2,11.1,10.1,9.3,8.6,8,7.4,6.9,6.5,6.1,5.8,5.5,5.3,5.1,4.9,4.7
illin1067,6,5.8,5.5,5.3,5.2,5,4.9,4.8,4.7,4.6,4.5,4.4,4.4,4.3,4.2,4.2,4.1,4.1,4.1,4,4
illin10842,26,23.7,21.7,19.8,18.1,16.7,15.3,14.2,13.1,12.2,11.3,10.6,9.9,9.3,8.8,8.3,7.9,7.5,7.2,6.9,6.6
illin10850,14,13.1,12.3,11.6,11,10.5,10,9.6,9.3,9,8.8,8.5,8.3,8.1,7.9,7.8,7.6,7.5,7.4,7.3,7.2
illin10889,11,9.6,8.3,7.3,6.4,5.7,5.1,4.6,4.3,4,3.7,3.5,3.3,3.2,3,2.9,2.8,2.8,2.7,2.6,2.6
illin10917,19,16.8,14.9,13.3,11.9,10.7,9.8,9,8.3,7.7,7.3,6.9,6.6,6.3,6.1,5.9,5.7,5.5,5.4,5.3,5.2
illin10959,28,25.6,23.4,21.4,19.7,18.1,16.8,15.6,14.5,13.6,12.9,12.2,11.6,11.1,10.7,10.3,9.9,9.6,9.3,9.1,8.8
illin11013,20,18.3,16.8,15.6,14.5,13.5,12.7,12,11.4,10.8,10.4,9.9,9.6,9.3,9,8.7,8.5,8.3,8.1,7.9,7.8
illin11024,14,12.5,11.2,10.3,9.5,8.9,8.4,7.9,7.6,7.3,7.1,6.9,6.7,6.6,6.4,6.3,6.2,6.1,6,5.9,5.8
illin11053,29,27.2,25.6,24.1,22.7,21.4,20.2,19.1,18.1,17.1,16.3,15.6,14.9,14.3,13.7,13.2,12.8,12.3,12,11.6,11.3
illin11065,24,22.5,21,19.7,18.5,17.5,16.5,15.6,14.8,14.1,13.5,12.9,12.4,12,11.6,11.2,10.9,10.6,10.4,10.1,9.9
illin11070,22,19.9,17.9,16.2,14.6,13.3,12.1,11.1,10.3,9.5,8.9,8.3,7.9,7.4,7.1,6.8,6.5,6.2,6,5.8,5.6
illin11130,11,10.2,9.5,8.8,8.3,7.9,7.5,7.2,6.9,6.7,6.5,6.4,6.2,6.1,6,5.9,5.8,5.7,5.6,5.6,5.5
illin11165,21,19.4,17.9,16.6,15.4,14.4,13.5,12.7,12,11.4,10.9,10.4,10,9.6,9.3,9,8.8,8.6,8.4,8.2,8.1
illin11226,16,15.1,14.3,13.5,12.9,12.2,11.7,11.2,10.7,10.3,9.9,9.6,9.3,9,8.8,8.5,8.3,8.1,7.9,7.7,7.6
illin11231,27,24.9,23,21.2,19.7,18.3,17.1,16,15.1,14.2,13.5,12.9,12.3,11.8,11.4,11,10.7,10.4,10.1,9.9,9.7
illin11273,30,27.9,25.9,24,22.2,20.5,19,17.6,16.3,15.1,14.1,13.2,12.3,11.6,10.9,10.4,9.8,9.4,9,8.6,8.3
illin11319,26,22.9,20.3,18.1,16.3,14.8,13.6,12.6,11.8,11.2,10.6,10.2,9.8,9.4,9.1,8.9,8.7,8.5,8.3,8.1,8
illin11334,23,21.2,19.6,18.3,17.1,16.1,15.2,14.5,13.9,13.3,12.9,12.5,12.1,11.8,11.5,11.3,11,10.8,10.6,10.5,10.3
illin11339,17,15.5,14.2,13,12,11.1,10.3,9.7,9.1,8.6,8.1,7.8,7.4,7.1,6.8,6.6,6.4,6.2,6,5.8,5.7
illin1146,7,6.5,6,5.5,5.1,4.7,4.4,4.1,3.8,3.6,3.4,3.2,3,2.9,2.7,2.6,2.5,2.5,2.4,2.3,2.3
illin11466,15,14.2,13.4,12.7,12,11.4,10.9,10.4,10,9.5,9.1,8.8,8.5,8.2,7.9,7.6,7.4,7.1,6.9,6.7,6.5
illin11469,18,16,14.4,13,11.9,11,10.2,9.5,9,8.5,8,7.7,7.3,7,6.7,6.5,6.3,6,5.9,5.7,5.5
illin11476,21,20,19.1,18.2,17.4,16.7,16,15.4,14.9,14.4,13.9,13.5,13.1,12.8,12.5,12.2,11.9,11.7,11.5,11.3,11.1
illin11580,18,16.9,15.8,14.9,14.1,13.3,12.6,12,11.5,11,10.5,10.1,9.8,9.4,9.1,8.8,8.5,8.3,8.1,7.8,7.6
illin11608,20,18.9,17.9,17,16.1,15.2,14.4,13.7,13,12.3,11.7,11.1,10.6,10.1,9.6,9.2,8.7,8.4,8,7.7,7.4
illin11610,14,11.8,9.8,8.2,6.8,5.6,4.7,4,3.5,3.1,2.7,2.5,2.3,2.1,2,1.9,1.9,1.8,1.7,1.7,1.7
illin1163,10,9.3,8.6,7.9,7.3,6.7,6.2,5.7,5.3,4.9,4.6,4.3,4,3.8,3.6,3.5,3.3,3.2,3.1,3,2.9
illin11680,18,15.8,14,12.6,11.4,10.5,9.7,9.1,8.6,8.2,7.9,7.6,7.4,7.2,7,6.9,6.7,6.6,6.5,6.4,6.3
illin11692,19,16.6,14.6,12.9,11.5,10.3,9.3,8.4,7.7,7.1,6.6,6.1,5.7,5.4,5.1,4.8,4.6,4.4,4.2,4.1,3.9
illin11715,19,15.5,12.9,11,9.6,8.5,7.7,7.1,6.6,6.2,5.9,5.6,5.3,5.1,5,4.8,4.7,4.5,4.4,4.3,4.3
illin1172,14,11.4,9.3,7.6,6.3,5.2,4.4,3.8,3.3,3,2.7,2.5,2.3,2.2,2.1,2,1.9,1.9,1.8,1.8,1.7
illin11741,21,19.4,18,16.8,15.7,14.7,13.8,13,12.3,11.7,11.2,10.7,10.2,9.9,9.5,9.2,8.9,8.6,8.4,8.2,8
illin11747,17,15.9,15,14.2,13.5,12.9,12.3,11.8,11.4,11,10.6,10.3,10,9.8,9.5,9.3,9.1,8.9,8.7,8.6,8.4
illin1183,30,25.7,22.3,19.5,17.4,15.8,14.5,13.5,12.7,12.1,11.6,11.2,10.8,10.6,10.3,10.1,10,9.8,9.7,9.6,9.4
illin11840,26,22.5,19.6,17.1,15,13.3,11.9,10.8,9.9,9.2,8.6,8.1,7.7,7.4,7.1,6.9,6.7,6.5,6.4,6.2,6.1
illin11863,14,13.1,12.3,11.5,10.8,10.2,9.6,9.1,8.7,8.3,7.9,7.6,7.3,7.1,6.9,6.7,6.5,6.3,6.2,6,5.9
illin11868,17,15.2,13.7,12.5,11.5,10.6,9.9,9.3,8.8,8.4,8,7.6,7.3,7.1,6.9,6.6,6.5,6.3,6.1,6,5.9
illin11900,13,12.3,11.6,11,10.5,10,9.6,9.2,8.8,8.5,8.2,8,7.7,7.5,7.3,7.2,7,6.8,6.7,6.6,6.5
illin11945,19,17.2,15.6,14.2,13,11.9,11,10.2,9.5,9,8.5,8.1,7.8,7.5,7.3,7,6.9,6.7,6.6,6.4,6.3
illin12009,14,13.4,12.9,12.4,12,11.6,11.3,11,10.7,10.4,10.2,9.9,9.7,9.5,9.3,9.2,9,8.8,8.7,8.6,8.4
illin12011,23,20.9,19.1,17.5,16.1,14.9,13.9,13,12.2,11.5,10.9,10.4,10,9.6,9.2,8.9,8.6,8.4,8.1,7.9,7.7
illin12149,20,18.2,16.5,15.1,13.9,12.8,11.9,11.1,10.4,9.8,9.3,8.9,8.5,8.2,7.9,7.6,7.4,7.2,7,6.8,6.6
illin12157,20,18.8,17.7,16.6,15.6,14.6,13.7,12.9,12.1,11.4,10.8,10.2,9.6,9.1,8.7,8.3,7.9,7.6,7.3,7.1,6.8
illin12163,19,17.2,15.6,14.1,12.8,11.6,10.6,9.7,8.9,8.2,7.6,7.1,6.7,6.3,6,5.7,5.5,5.3,5.1,5,4.8
illin12164,19,16.9,15.1,13.6,12.3,11.2,10.3,9.6,8.9,8.4,7.9,7.5,7.2,6.9,6.6,6.4,6.2,6,5.8,5.7,5.5
illin12270,21,17.4,14.4,11.9,9.9,8.3,7,6,5.2,4.6,4.2,3.8,3.5,3.3,3.1,3,2.9,2.8,2.7,2.6,2.6
illin12285,19,17,15.2,13.7,12.5,11.4,10.5,9.8,9.1,8.5,8.1,7.7,7.3,7,6.7,6.4,6.2,6,5.8,5.6,5.5
illin1229,22,20.1,18.3,16.8,15.5,14.3,13.2,12.4,11.6,10.9,10.4,9.9,9.4,9,8.7,8.4,8.2,7.9,7.7,7.6,7.4
illin12312,20,18.2,16.7,15.3,14.1,13.1,12.3,11.5,10.8,10.3,9.7,9.3,8.9,8.6,8.3,8,7.7,7.5,7.3,7.2,7
illin12339,13,11.8,10.8,10,9.3,8.8,8.3,7.9,7.6,7.4,7.1,7,6.8,6.7,6.5,6.4,6.3,6.2,6.1,6.1,6
illin12397,24,21.6,19.4,17.5,15.8,14.3,13,11.9,11,10.2,9.5,8.9,8.4,8,7.6,7.3,7,6.8,6.6,6.4,6.2
illin12452,27,23.3,20.2,17.7,15.7,14.1,12.8,11.8,11,10.4,9.9,9.5,9.1,8.8,8.5,8.3,8.1,7.9,7.8,7.7,7.5
illin12605,9,8.2,7.5,6.9,6.3,5.8,5.4,5,4.7,4.4,4.2,3.9,3.8,3.6,3.4,3.3,3.2,3.1,3,2.9,2.9
illin1264,7,6,5.2,4.6,4.1,3.7,3.4,3.2,2.9,2.8,2.6,2.5,2.4,2.3,2.2,2.1,2.1,2,2,1.9,1.9
illin12656,19,17.7,16.6,15.5,14.4,13.5,12.6,11.8,11.1,10.5,9.9,9.4,8.9,8.5,8.1,7.8,7.5,7.2,7,6.7,6.5
illin12704,14,13.3,12.6,12,11.4,10.9,10.4,10,9.6,9.2,8.9,8.6,8.3,8.1,7.8,7.6,7.4,7.2,7.1,6.9,6.8
illin1275,19,16.1,13.6,11.6,9.9,8.6,7.5,6.7,6.1,5.6,5.2,4.9,4.6,4.4,4.2,4.1,4,3.8,3.8,3.7,3.6
illin12872,15,13.8,12.7,11.8,11,10.2,9.6,9.1,8.6,8.2,7.9,7.6,7.3,7,6.8,6.6,6.4,6.3,6.1,5.9,5.8
illin12891,7,6.6,6.3,6,5.8,5.6,5.4,5.3,5.2,5,4.9,4.9,4.8,4.7,4.6,4.6,4.5,4.4,4.4,4.3,4.3
illin12901,22,19.6,17.3,15.3,13.6,12,10.7,9.6,8.7,7.9,7.2,6.7,6.2,5.8,5.5,5.2,4.9,4.7,4.6,4.4,4.2
illin12906,15,13.6,12.4,11.4,10.6,9.9,9.3,8.7,8.3,7.9,7.5,7.3,7,6.8,6.6,6.4,6.2,6.1,6,5.9,5.8
illin12907,10,9.5,9,8.5,8.1,7.7,7.4,7.1,6.8,6.5,6.3,6.1,5.9,5.7,5.6,5.4,5.3,5.2,5.1,5,4.9
illin12912,18,16.5,15.1,13.9,12.9,12,11.2,10.5,9.9,9.4,8.9,8.5,8.1,7.8,7.6,7.3,7.1,6.9,6.8,6.6,6.5
illin12933,10,9,8.2,7.5,7,6.5,6,5.7,5.4,5.1,4.9,4.7,4.5,4.3,4.2,4,3.9,3.8,3.7,3.6,3.5
illin1300,10,9.6,9.2,8.9,8.6,8.3,8.1,7.8,7.6,7.4,7.3,7.1,7,6.9,6.7,6.6,6.5,6.4,6.4,6.3,6.2
illin1301,6,5.7,5.5,5.3,5.1,5,4.8,4.7,4.6,4.5,4.4,4.4,4.3,4.2,4.2,4.1,4.1,4.1,4,4,3.9
illin13010,16,14.4,12.9,11.6,10.3,9.3,8.3,7.5,6.8,6.2,5.7,5.3,4.9,4.6,4.3,4.1,3.9,3.8,3.6,3.5,3.4
illin13020,19,17.6,16.4,15.2,14.1,13.1,12.2,11.4,10.7,10.1,9.5,9,8.6,8.2,7.8,7.5,7.3,7,6.8,6.6,6.4
illin13043,21,19.4,17.8,16.4,15.1,13.9,12.8,11.9,11,10.3,9.6,9.1,8.6,8.2,7.8,7.5,7.2,7,6.8,6.6,6.4
illin13104,28,24.7,21.9,19.6,17.6,15.9,14.6,13.4,12.3,11.5,10.7,10,9.4,8.9,8.4,8,7.6,7.3,7,6.7,6.5
illin13147,20,17.6,15.5,13.7,12.2,11,9.9,9,8.2,7.6,7,6.6,6.2,5.8,5.5,5.2,5,4.8,4.6,4.5,4.3
illin13169,10,9.2,8.5,7.9,7.4,7,6.6,6.3,6,5.8,5.5,5.3,5.1,4.9,4.7,4.6,4.4,4.3,4.2,4.1,4
illin13222,28,25.1,22.5,20.2,18.1,16.3,14.7,13.3,12.1,11.1,10.2,9.5,8.9,8.4,7.9,7.5,7.2,6.9,6.6,6.4,6.2
illin1333,9,8.5,8,7.6,7.1,6.8,6.4,6.1,5.8,5.6,5.3,5.1,4.9,4.7,4.6,4.4,4.3,4.2,4.1,4,3.9
illin13367,11,10.1,9.4,8.7,8.2,7.7,7.3,7,6.7,6.4,6.2,6,5.8,5.7,5.5,5.4,5.3,5.2,5.1,5,5
illin1347,7,6.4,5.9,5.5,5,4.7,4.4,4.1,3.8,3.6,3.4,3.2,3.1,2.9,2.8,2.7,2.6,2.5,2.5,2.4,2.3
illin13549,11,10.4,9.9,9.3,8.8,8.4,7.9,7.5,7.2,6.8,6.5,6.2,5.9,5.7,5.5,5.3,5.1,4.9,4.7,4.6,4.5
illin13562,34,31.1,28.5,26.1,24,22.2,20.7,19.3,18.1,17.1,16.2,15.4,14.8,14.2,13.7,13.2,12.8,12.5,12.2,11.9,11.6
illin1362,13,11.9,10.9,10.1,9.4,8.7,8.2,7.7,7.3,6.9,6.6,6.4,6.1,5.9,5.7,5.6,5.4,5.3,5.2,5.1,4.9
illin13624,27,23.8,21,18.6,16.6,14.9,13.5,12.3,11.4,10.6,9.9,9.3,8.9,8.4,8.1,7.8,7.5,7.3,7.1,6.9,6.8
illin13633,36,31.1,26.7,23,19.8,17.1,14.9,13.1,11.6,10.4,9.4,8.6,8,7.4,7,6.6,6.3,6,5.8,5.6,5.4
illin13740,21,19.2,17.7,16.3,15.1,14,13.1,12.3,11.6,11,10.4,10,9.5,9.2,8.8,8.5,8.2,8,7.8,7.6,7.4
illin13746,26,22.4,19.5,17.1,15.3,13.9,12.8,11.9,11.2,10.7,10.2,9.9,9.6,9.4,9.2,9,8.9,8.8,8.7,8.6,8.5
illin1375,12,10.5,9.1,7.9,6.9,6,5.2,4.5,4,3.5,3.2,2.9,2.7,2.5,2.3,2.2,2.1,2,1.9,1.9,1.8
illin13758,22,20.2,18.6,17.1,15.8,14.6,13.6,12.6,11.8,11.1,10.4,9.8,9.2,8.8,8.3,7.9,7.6,7.3,7,6.7,6.5
illin13768,14,13.2,12.4,11.7,11.1,10.5,10.1,9.6,9.3,8.9,8.6,8.4,8.1,7.9,7.7,7.5,7.4,7.3,7.1,7,6.9
illin1378,10,8.8,7.8,6.8,6,5.4,4.8,4.3,4,3.7,3.4,3.2,3,2.9,2.8,2.7,2.6,2.5,2.5,2.4,2.4
illin1382,18,16.5,15.3,14.3,13.4,12.7,12.1,11.5,11.1,10.6,10.3,9.9,9.6,9.3,9.1,8.9,8.6,8.4,8.3,8.1,7.9
illin1383,15,14.3,13.6,13,12.5,12,11.6,11.3,11,10.7,10.4,10.2,10,9.8,9.6,9.5,9.4,9.2,9.1,9,8.9
illin1388,15,13,11.4,10,9,8.1,7.4,6.7,6.2,5.8,5.4,5.1,4.8,4.5,4.3,4.1,4,3.8,3.7,3.5,3.4
illin13920,29,26.2,23.8,21.6,19.7,18,16.6,15.3,14.1,13.1,12.3,11.5,10.8,10.2,9.7,9.3,8.8,8.5,8.2,7.9,7.6
illin13923,32,28.3,25.1,22.3,19.9,17.8,16,14.5,13.3,12.2,11.3,10.6,9.9,9.4,8.9,8.6,8.2,7.9,7.7,7.4,7.2
illin1399,14,12.8,11.8,10.9,10.2,9.5,9,8.5,8.1,7.7,7.4,7.1,6.8,6.6,6.4,6.3,6.1,6,5.8,5.7,5.6
illin14075,10,9.8,9.6,9.4,9.2,9.1,8.9,8.7,8.6,8.4,8.3,8.2,8,7.9,7.8,7.6,7.5,7.4,7.3,7.2,7.1
illin14134,15,14.4,13.9,13.3,12.8,12.3,11.9,11.5,11.1,10.8,10.4,10.1,9.8,9.6,9.3,9.1,8.9,8.7,8.5,8.4,8.2
illin1414,8,7.8,7.6,7.5,7.3,7.1,7,6.9,6.8,6.7,6.6,6.5,6.4,6.3,6.2,6.2,6.1,6,6,5.9,5.9
illin14179,24,21.6,19.4,17.5,15.8,14.4,13.1,12.1,11.2,10.5,9.9,9.4,8.9,8.6,8.2,8,7.7,7.5,7.4,7.2,7.1
illin14180,24,21.6,19.4,17.6,15.9,14.4,13.2,12.1,11.2,10.4,9.7,9.1,8.6,8.1,7.8,7.4,7.1,6.9,6.7,6.5,6.3
illin14212,16,15.3,14.6,14,13.4,12.9,12.4,11.9,11.4,11,10.6,10.3,10,9.7,9.4,9.1,8.9,8.7,8.5,8.3,8.1
illin14243,12,11.3,10.6,9.9,9.2,8.6,8,7.4,6.9,6.4,6,5.6,5.2,4.9,4.6,4.3,4.1,3.9,3.8,3.6,3.5
illin14288,15,13.8,12.8,11.9,11,10.3,9.6,9.1,8.6,8.2,7.8,7.5,7.2,6.9,6.7,6.5,6.4,6.2,6.1,5.9,5.8
illin1438,7,6.4,6,5.6,5.3,5,4.8,4.6,4.5,4.4,4.3,4.2,4.1,4.1,4,4,3.9,3.9,3.8,3.8,3.8
illin14463,13,12.2,11.4,10.6,9.9,9.3,8.8,8.3,7.8,7.4,7,6.7,6.4,6.2,6,5.8,5.6,5.5,5.4,5.2,5.1
illin1448,9,8.7,8.4,8.2,7.9,7.6,7.4,7.1,6.9,6.7,6.5,6.3,6.1,5.9,5.7,5.6,5.4,5.3,5.2,5,4.9
illin14491,22,20.2,18.6,17.3,16.1,15.1,14.3,13.6,12.9,12.4,11.9,11.5,11.1,10.8,10.5,10.2,10,9.8,9.6,9.4,9.2
illin14492,20,18.1,16.3,14.8,13.5,12.4,11.5,10.6,9.9,9.3,8.8,8.4,8,7.7,7.4,7.2,6.9,6.7,6.6,6.4,6.3
illin1450,35,32,29.4,27.1,25,23.2,21.7,20.3,19.1,18.1,17.2,16.3,15.6,15,14.4,13.9,13.4,13,12.6,12.3,11.9
illin1451,15,14.2,13.4,12.6,12,11.4,10.8,10.3,9.8,9.4,9,8.7,8.3,8,7.8,7.5,7.3,7.1,6.9,6.8,6.6
illin14534,31,28.9,27,25.4,23.9,22.5,21.4,20.3,19.4,18.6,17.9,17.3,16.7,16.3,15.8,15.4,15,14.7,14.4,14.1,13.9
illin1455,7,6.7,6.4,6.2,6,5.8,5.6,5.4,5.2,5.1,5,4.8,4.7,4.6,4.5,4.4,4.4,4.3,4.2,4.1,4.1
illin1457,16,15,14.2,13.4,12.7,12,11.4,10.9,10.5,10,9.7,9.4,9.1,8.8,8.6,8.4,8.2,8.1,7.9,7.8,7.7
illin14608,9,8.2,7.5,6.8,6.3,5.8,5.4,5,4.7,4.4,4.1,3.9,3.7,3.5,3.4,3.2,3.1,3,2.9,2.8,2.7
illin1461,17,15.7,14.5,13.4,12.5,11.6,10.9,10.2,9.7,9.2,8.7,8.3,8,7.7,7.4,7.2,6.9,6.8,6.6,6.4,6.3
illin14610,14,13.6,13.2,12.8,12.5,12.1,11.8,11.5,11.3,11,10.8,10.5,10.3,10.1,9.9,9.7,9.6,9.4,9.3,9.1,9
illin14617,18,16.6,15.3,14.2,13.3,12.5,11.8,11.2,10.7,10.3,9.9,9.6,9.3,9.1,8.8,8.6,8.5,8.3,8.2,8,7.9
illin14650,24,21.8,19.8,17.9,16.2,14.7,13.4,12.3,11.3,10.4,9.7,9.1,8.5,8.1,7.7,7.4,7.1,6.8,6.6,6.4,6.3
illin1470,13,12.6,12.3,12,11.7,11.4,11.2,11,10.7,10.5,10.4,10.2,10,9.9,9.7,9.6,9.5,9.4,9.3,9.2,9.1
illin14714,18,17.2,16.4,15.7,15,14.4,13.9,13.4,12.9,12.5,12.2,11.8,11.6,11.3,11,10.8,10.6,10.5,10.3,10.1,10
illin14720,14,12.8,11.7,10.7,9.8,9,8.2,7.5,6.9,6.3,5.8,5.4,5.1,4.7,4.5,4.2,4,3.8,3.7,3.5,3.4
illin14825,17,15.3,13.8,12.6,11.5,10.7,10,9.4,8.9,8.4,8.1,7.8,7.5,7.3,7.1,6.9,6.8,6.6,6.5,6.4,6.3
illin14837,12,11.1,10.3,9.6,8.9,8.3,7.7,7.2,6.8,6.4,6,5.7,5.5,5.2,5,4.9,4.7,4.6,4.4,4.3,4.2
illin14859,19,16.6,14.5,12.6,11,9.7,8.5,7.6,6.8,6.2,5.7,5.3,5,4.7,4.5,4.3,4.2,4,3.9,3.8,3.7
illin14922,6,5.6,5.4,5.1,4.9,4.7,4.5,4.4,4.3,4.1,4,4,3.9,3.8,3.7,3.7,3.6,3.6,3.5,3.5,3.4
illin14923,13,11.7,10.6,9.6,8.7,8,7.4,6.8,6.4,6,5.6,5.3,5.1,4.8,4.6,4.5,4.3,4.2,4.1,4,3.9
illin1497,9,8.3,7.8,7.3,6.8,6.5,6.1,5.9,5.6,5.4,5.3,5.1,5,4.8,4.7,4.7,4.6,4.5,4.4,4.4,4.3
illin14972,20,17.7,15.7,14,12.5,11.3,10.2,9.2,8.4,7.7,7.1,6.6,6.2,5.8,5.5,5.2,4.9,4.7,4.5,4.3,4.2
illin14990,24,21,18.4,16.1,14.2,12.6,11.2,10.1,9.2,8.5,7.9,7.4,7,6.7,6.4,6.1,5.9,5.7,5.6,5.4,5.3
illin15005,16,14.6,13.3,12.2,11.2,10.4,9.7,9,8.5,8,7.6,7.2,6.8,6.5,6.3,6,5.8,5.6,5.4,5.2,5.1
illin15045,26,23.8,21.8,20,18.3,16.9,15.6,14.5,13.5,12.6,11.9,11.2,10.6,10.1,9.6,9.2,8.9,8.5,8.2,8,7.7
illin15100,20,18.2,16.6,15.2,13.9,12.8,11.9,11,10.3,9.7,9.2,8.7,8.3,7.9,7.6,7.3,7.1,6.9,6.7,6.5,6.4
illin1518,18,16.7,15.5,14.3,13.3,12.4,11.5,10.8,10.1,9.5,9,8.5,8.1,7.8,7.5,7.2,7,6.7,6.6,6.4,6.3
illin15434,13,12,11,10.2,9.4,8.7,8.1,7.6,7.1,6.7,6.3,6,5.7,5.4,5.2,5,4.8,4.6,4.5,4.3,4.2
illin1552,7,6.4,5.8,5.3,4.8,4.4,4.1,3.8,3.6,3.4,3.2,3,2.9,2.8,2.7,2.6,2.5,2.5,2.4,2.4,2.3
illin15528,11,10.8,10.7,10.5,10.4,10.2,10.1,9.9,9.8,9.7,9.6,9.5,9.4,9.3,9.2,9.1,9,8.9,8.8,8.7,8.7
illin15560,28,23.1,19,15.8,13.3,11.4,9.9,8.8,8,7.4,6.9,6.5,6.2,6,5.8,5.6,5.5,5.4,5.3,5.2,5.1
illin15579,11,10.3,9.6,9,8.4,7.9,7.3,6.9,6.4,6,5.7,5.3,5.1,4.8,4.6,4.4,4.2,4,3.9,3.7,3.6
illin15581,27,21.9,17.7,14.3,11.7,9.6,8.1,6.9,5.9,5.2,4.7,4.3,3.9,3.7,3.4,3.2,3.1,3,2.9,2.8,2.7
illin15615,12,10.8,9.7,8.7,7.8,6.9,6.2,5.5,5,4.5,4.1,3.8,3.5,3.3,3.1,2.9,2.8,2.7,2.6,2.5,2.4
illin15634,15,14,13.1,12.2,11.4,10.7,10,9.3,8.8,8.2,7.8,7.3,7,6.6,6.3,6.1,5.8,5.6,5.4,5.3,5.1
illin15719,16,15.1,14.3,13.5,12.7,12,11.4,10.8,10.2,9.7,9.3,8.9,8.5,8.2,7.9,7.7,7.4,7.2,7,6.9,6.7
illin15723,14,12.5,11.3,10.2,9.2,8.4,7.8,7.2,6.8,6.4,6.1,5.9,5.6,5.5,5.3,5.2,5,4.9,4.9,4.8,4.7
illin1576,9,8.2,7.6,7.2,6.9,6.6,6.4,6.2,6,5.9,5.8,5.6,5.6,5.5,5.4,5.3,5.2,5.2,5.1,5.1,5
illin15768,16,14.6,13.3,12.1,11,10,9.2,8.4,7.7,7.1,6.6,6.1,5.7,5.4,5.1,4.8,4.6,4.4,4.2,4.1,3.9
illin1577,12,11.5,10.9,10.5,10,9.6,9.3,8.9,8.6,8.3,8.1,7.8,7.6,7.4,7.2,7,6.8,6.7,6.5,6.4,6.3
illin1585,10,9,8.2,7.5,6.9,6.3,5.9,5.5,5.2,5,4.8,4.6,4.4,4.3,4.2,4.1,4,3.9,3.8,3.8,3.7
illin15859,17,13.9,11.2,8.9,7.1,5.7,4.7,3.9,3.3,2.9,2.5,2.3,2.1,2,1.9,1.8,1.7,1.7,1.6,1.6,1.6
illin15891,19,18,17.2,16.3,15.6,14.9,14.3,13.7,13.2,12.7,12.2,11.8,11.5,11.1,10.8,10.5,10.3,10,9.8,9.6,9.4
illin15905,22,20.4,18.9,17.4,16.1,14.8,13.7,12.7,11.7,10.9,10.2,9.6,9,8.5,8.1,7.7,7.3,7,6.8,6.5,6.3
illin1592,11,10.3,9.7,9.2,8.7,8.3,7.9,7.5,7.2,6.9,6.7,6.4,6.2,6.1,5.9,5.8,5.6,5.5,5.4,5.3,5.2
illin1593,8,7.7,7.3,7,6.7,6.5,6.2,6,5.7,5.5,5.3,5.1,5,4.8,4.6,4.5,4.3,4.2,4.1,4,3.9
illin15932,13,11.4,10.1,8.9,7.8,6.9,6.1,5.5,5,4.5,4.1,3.8,3.6,3.4,3.2,3,2.9,2.8,2.7,2.6,2.5
illin16035,19,17.2,15.7,14.2,13,11.9,10.9,10,9.2,8.6,8,7.5,7,6.6,6.3,6,5.7,5.5,5.3,5.1,5
illin1606,5,4.5,4.1,3.8,3.5,3.2,3,2.8,2.7,2.6,2.5,2.4,2.3,2.3,2.2,2.2,2.1,2.1,2.1,2,2
illin1618,12,10.9,10,9.1,8.4,7.7,7.1,6.6,6.1,5.7,5.4,5.1,4.8,4.6,4.4,4.2,4.1,3.9,3.8,3.7,3.6
illin1619,9,7.8,6.8,5.8,5.1,4.4,3.9,3.5,3.1,2.8,2.6,2.4,2.3,2.2,2.1,2,1.9,1.9,1.8,1.8,1.7
illin16219,12,11.3,10.7,10.2,9.8,9.3,9,8.6,8.3,8.1,7.8,7.6,7.4,7.2,7,6.9,6.7,6.6,6.5,6.4,6.2
illin16225,15,14,13,12.2,11.5,10.8,10.3,9.8,9.3,9,8.6,8.3,8.1,7.8,7.6,7.5,7.3,7.2,7,6.9,6.8
illin16248,21,19.6,18.3,17,15.9,14.8,13.8,12.9,12.1,11.4,10.8,10.2,9.7,9.3,8.9,8.5,8.2,7.9,7.7,7.5,7.3
illin16335,21,20.3,19.6,18.9,18.2,17.6,17,16.4,15.8,15.3,14.8,14.3,13.8,13.3,12.9,12.5,12.1,11.7,11.4,11,10.7
illin16344,9,8.3,7.6,7.1,6.6,6.2,5.9,5.6,5.4,5.2,5,4.9,4.7,4.6,4.5,4.4,4.4,4.3,4.2,4.2,4.1
illin1639,18,16.2,14.7,13.5,12.4,11.5,10.7,10.1,9.5,9.1,8.7,8.3,8.1,7.8,7.6,7.4,7.2,7,6.9,6.8,6.7
illin16393,11,10.3,9.7,9.1,8.6,8.1,7.7,7.3,6.9,6.6,6.3,6.1,5.8,5.6,5.4,5.3,5.1,5,4.9,4.8,4.7
illin1642,18,16.4,14.9,13.7,12.7,11.8,11,10.4,9.8,9.3,8.9,8.5,8.1,7.8,7.5,7.2,7,6.7,6.5,6.3,6.2
illin1644,27,24.2,21.7,19.6,17.8,16.2,14.8,13.6,12.6,11.8,11,10.3,9.8,9.3,8.8,8.5,8.1,7.8,7.5,7.3,7.1
illin1650,9,8.7,8.4,8.1,7.8,7.5,7.3,7,6.7,6.5,6.2,6,5.8,5.6,5.4,5.2,5.1,4.9,4.8,4.6,4.5
illin1651,14,13.2,12.6,12,11.5,11,10.7,10.3,10,9.8,9.5,9.3,9.2,9,8.9,8.7,8.6,8.5,8.4,8.3,8.2
illin16623,29,25.8,23,20.4,18.2,16.2,14.5,13,11.7,10.6,9.7,8.9,8.2,7.7,7.2,6.8,6.4,6.1,5.9,5.7,5.5
illin16625,24,20.8,18.2,16.1,14.4,13.1,12.1,11.2,10.6,10,9.5,9.1,8.8,8.5,8.2,7.9,7.7,7.5,7.4,7.2,7.1
illin1663,16,15,14,13.1,12.3,11.5,10.8,10.1,9.6,9.1,8.6,8.2,7.8,7.5,7.2,7,6.7,6.5,6.3,6.2,6
illin16639,15,13.9,12.9,12.1,11.4,10.8,10.2,9.8,9.4,9,8.7,8.5,8.2,8,7.8,7.7,7.5,7.4,7.2,7.1,7
illin1665,9,8.5,8.1,7.6,7.2,6.8,6.4,6,5.6,5.3,5,4.7,4.5,4.3,4.1,3.9,3.7,3.6,3.5,3.4,3.3
illin16758,13,11.7,10.6,9.7,8.9,8.2,7.6,7,6.6,6.2,5.9,5.6,5.3,5.1,4.9,4.7,4.6,4.4,4.3,4.2,4.1
illin16761,25,20.8,17.1,13.9,11.2,9,7.3,6,5,4.2,3.6,3.2,2.9,2.7,2.5,2.3,2.2,2.1,2.1,2,1.9
illin16832,19,17.9,16.9,16,15.1,14.4,13.7,13,12.5,11.9,11.4,11,10.6,10.2,9.9,9.6,9.3,9,8.8,8.5,8.3
illin16844,25,23.8,22.7,21.6,20.6,19.7,18.9,18.2,17.5,16.8,16.3,15.7,15.3,14.8,14.4,14.1,13.7,13.4,13.2,12.9,12.7
illin1688,14,13,12,11.1,10.3,9.6,8.9,8.3,7.7,7.3,6.8,6.4,6.1,5.8,5.5,5.3,5.1,4.9,4.7,4.5,4.4
illin1696,13,12.3,11.6,11,10.4,9.9,9.4,9,8.6,8.3,8,7.7,7.5,7.2,7,6.9,6.7,6.5,6.4,6.3,6.2
illin1697,18,16.4,14.9,13.5,12.3,11.2,10.2,9.4,8.6,8,7.5,7,6.6,6.2,6,5.7,5.5,5.3,5.1,5,4.8
illin16986,20,18.9,17.8,16.9,16,15.2,14.5,13.9,13.3,12.8,12.3,11.9,11.5,11.2,10.8,10.5,10.2,10,9.7,9.5,9.3
illin1699,8,7.3,6.7,6.2,5.7,5.3,5,4.7,4.5,4.2,4.1,3.9,3.7,3.6,3.5,3.4,3.3,3.2,3.1,3,3
illin1704,22,19.9,18.1,16.6,15.3,14.2,13.3,12.5,11.9,11.4,10.9,10.5,10.2,9.9,9.6,9.4,9.2,9.1,8.9,8.7,8.6
illin17089,18,15.3,13.2,11.5,10.1,9.1,8.2,7.5,6.9,6.4,6,5.7,5.4,5.1,4.9,4.7,4.6,4.4,4.3,4.2,4.1
illin17147,19,16,13.6,11.6,10.1,8.8,7.9,7.1,6.5,6,5.6,5.3,5.1,4.8,4.6,4.5,4.3,4.2,4.1,4,3.9
illin17236,14,13.3,12.6,12,11.4,10.9,10.4,9.9,9.5,9.2,8.8,8.5,8.2,8,7.8,7.5,7.4,7.2,7,6.9,6.7
illin17365,25,22.6,20.4,18.6,17,15.6,14.3,13.2,12.3,11.4,10.7,10,9.5,8.9,8.5,8.1,7.7,7.4,7.1,6.8,6.6
illin1738,24,22,20.2,18.6,17.3,16.2,15.2,14.3,13.5,12.9,12.3,11.8,11.3,10.9,10.6,10.2,10,9.7,9.4,9.2,9
illin17525,13,11,9.3,7.9,6.8,5.9,5.2,4.6,4.1,3.7,3.5,3.2,3,2.9,2.8,2.6,2.6,2.5,2.4,2.4,2.3
illin17619,10,9.8,9.6,9.5,9.3,9.1,9,8.9,8.7,8.6,8.4,8.3,8.2,8.1,8,7.9,7.8,7.7,7.6,7.5,7.4
illin1768,26,24.1,22.3,20.7,19.2,17.8,16.5,15.4,14.4,13.5,12.6,11.9,11.3,10.7,10.2,9.7,9.3,8.9,8.6,8.3,8.1
illin1771,31,26.3,22.5,19.4,16.9,14.9,13.3,12.1,11,10.1,9.4,8.8,8.3,7.9,7.5,7.2,6.9,6.7,6.5,6.3,6.1
illin17823,13,12.4,11.8,11.2,10.6,10.1,9.6,9.1,8.7,8.3,7.9,7.5,7.2,6.9,6.7,6.4,6.2,6,5.9,5.7,5.6
illin17835,17,15,13.2,11.5,10,8.7,7.5,6.6,5.8,5.1,4.5,4.1,3.7,3.4,3.2,3,2.8,2.7,2.6,2.5,2.4
illin1784,16,14,12.3,10.9,9.7,8.8,7.9,7.2,6.7,6.2,5.8,5.5,5.2,4.9,4.7,4.5,4.4,4.2,4.1,4,3.9
illin17898,12,11.2,10.5,9.9,9.4,8.9,8.5,8.2,7.9,7.6,7.4,7.2,7,6.8,6.6,6.5,6.4,6.3,6.2,6.1,6
illin17947,26,22.6,19.7,17.1,14.9,13,11.5,10.2,9.1,8.2,7.4,6.8,6.3,5.8,5.4,5.1,4.8,4.6,4.4,4.2,4
illin17951,15,13.5,12.2,11.1,10.1,9.3,8.6,8,7.4,7,6.6,6.3,6,5.7,5.5,5.3,5.1,5,4.9,4.7,4.6
illin1798,16,14.1,12.5,11.1,9.9,9,8.1,7.5,6.9,6.5,6.1,5.8,5.5,5.3,5.1,5,4.8,4.7,4.6,4.6,4.5
illin18027,27,24.1,21.4,19.1,17.1,15.4,13.9,12.6,11.5,10.5,9.7,9,8.4,7.9,7.5,7.1,6.8,6.5,6.2,6,5.8
illin1808,19,17.9,17,16.1,15.3,14.5,13.8,13.2,12.6,12.1,11.6,11.1,10.7,10.3,9.9,9.6,9.3,9,8.7,8.5,8.3
illin18089,18,15.6,13.5,11.7,10.2,9,8.1,7.3,6.7,6.2,5.8,5.4,5.1,4.9,4.7,4.5,4.4,4.3,4.2,4.1,4
illin18092,16,15.4,14.8,14.2,13.6,13.1,12.6,12.1,11.7,11.2,10.8,10.4,10.1,9.8,9.4,9.2,8.9,8.6,8.4,8.2,8
illin18175,29,25.3,22.2,19.5,17.3,15.4,13.9,12.6,11.5,10.6,9.9,9.2,8.7,8.2,7.9,7.5,7.2,7,6.8,6.6,6.4
illin1819,27,22.9,19.7,17.1,15.1,13.5,12.3,11.3,10.5,9.8,9.2,8.8,8.4,8,7.7,7.4,7.2,7,6.8,6.6,6.4
illin18194,19,17.5,16.2,14.9,13.7,12.7,11.7,10.8,10.1,9.4,8.8,8.2,7.8,7.3,7,6.7,6.4,6.1,5.9,5.7,5.5
illin18280,22,19.4,17,14.9,13.1,11.6,10.3,9.3,8.4,7.7,7.2,6.7,6.3,6,5.7,5.5,5.3,5.2,5,4.9,4.8
illin18293,6,5.7,5.4,5.1,4.8,4.6,4.4,4.2,4,3.9,3.8,3.6,3.5,3.5,3.4,3.3,3.2,3.2,3.1,3.1,3
illin18400,18,16.7,15.4,14.3,13.2,12.3,11.5,10.8,10.1,9.5,9,8.6,8.2,7.9,7.6,7.3,7.1,6.9,6.7,6.5,6.3
illin18436,25,22.7,20.6,18.7,17,15.5,14.2,13,11.9,11,10.2,9.5,8.9,8.4,8,7.6,7.2,6.9,6.7,6.5,6.3
illin1846,24,22.4,20.9,19.5,18.2,17,15.9,14.9,14,13.2,12.4,11.7,11.1,10.5,10,9.5,9.1,8.7,8.4,8.1,7.8
illin1849,21,19,17.3,15.8,14.5,13.5,12.5,11.8,11.1,10.5,10,9.6,9.2,8.9,8.6,8.3,8,7.8,7.6,7.4,7.3
illin1850,17,14.2,12,10.2,8.8,7.6,6.6,5.8,5.2,4.6,4.2,3.8,3.5,3.2,3,2.8,2.7,2.6,2.4,2.4,2.3
illin18560,23,21.1,19.4,17.8,16.4,15.2,14.1,13.2,12.4,11.7,11,10.5,10,9.6,9.2,8.8,8.5,8.3,8,7.8,7.6
illin18579,21,18.2,15.9,14,12.6,11.4,10.5,9.8,9.2,8.8,8.4,8.1,7.8,7.6,7.4,7.2,7,6.9,6.8,6.6,6.5
illin18619,15,14.1,13.2,12.4,11.6,10.9,10.2,9.6,9,8.5,8,7.5,7.1,6.8,6.4,6.1,5.9,5.6,5.4,5.2,5
illin18686,23,19.8,17.1,14.8,12.8,11.1,9.8,8.7,7.8,7.1,6.5,6,5.7,5.3,5,4.8,4.6,4.4,4.3,4.1,4
illin1877,17,15.3,13.8,12.4,11.3,10.3,9.5,8.8,8.2,7.7,7.3,6.9,6.6,6.3,6.1,5.9,5.7,5.6,5.4,5.3,5.2
illin18811,20,17.3,15.1,13.2,11.7,10.5,9.6,8.8,8.1,7.6,7.1,6.7,6.4,6.1,5.9,5.7,5.5,5.3,5.2,5.1,4.9
illin18834,28,25.7,23.5,21.4,19.3,17.5,15.7,14.2,12.8,11.5,10.5,9.5,8.7,8,7.5,7,6.5,6.2,5.9,5.6,5.4
illin19016,15,14.3,13.7,13,12.4,11.8,11.2,10.7,10.2,9.7,9.3,8.9,8.6,8.2,7.9,7.7,7.4,7.2,7,6.8,6.6
illin19060,18,16.4,14.8,13.4,12.1,11,9.9,9,8.1,7.4,6.8,6.2,5.7,5.3,5,4.7,4.4,4.2,4,3.9,3.7
illin1908,15,13.4,12.1,11,10,9.3,8.7,8.1,7.7,7.3,7,6.7,6.4,6.2,6,5.8,5.7,5.5,5.4,5.3,5.2
illin1909,17,15,13.3,11.7,10.4,9.2,8.2,7.3,6.6,6.1,5.6,5.1,4.8,4.5,4.3,4.1,3.9,3.7,3.6,3.5,3.4
illin1917,22,19.7,17.7,16,14.6,13.3,12.2,11.3,10.5,9.8,9.2,8.7,8.2,7.8,7.5,7.2,6.9,6.6,6.4,6.2,6
illin19281,10,9.4,8.8,8.2,7.7,7.3,6.9,6.6,6.2,6,5.7,5.5,5.3,5.2,5,4.9,4.8,4.7,4.6,4.5,4.4
illin1931,31,27.1,23.8,21,18.7,16.7,15,13.7,12.5,11.6,10.8,10.2,9.6,9.1,8.8,8.4,8.1,7.9,7.7,7.5,7.3
illin1941,19,17.6,16.3,15.2,14.3,13.5,12.8,12.1,11.6,11.1,10.7,10.3,10,9.7,9.4,9.2,9,8.8,8.6,8.4,8.3
illin19438,16,14.6,13.3,12.1,11.1,10.1,9.3,8.6,7.9,7.3,6.9,6.4,6.1,5.8,5.5,5.2,5,4.9,4.7,4.6,4.4
illin1953,21,19.2,17.6,16.3,15.2,14.3,13.6,13,12.5,12,11.7,11.3,11.1,10.8,10.6,10.4,10.3,10.1,10,9.8,9.7
illin19537,15,12.6,10.6,9.1,7.9,6.9,6.2,5.6,5.1,4.7,4.4,4.1,3.9,3.7,3.5,3.4,3.3,3.1,3,3,2.9
illin19684,14,13.5,13.1,12.6,12.2,11.8,11.4,11,10.7,10.3,10,9.7,9.4,9.1,8.8,8.6,8.3,8.1,7.9,7.7,7.5
illin1969,24,20.7,17.8,15.4,13.4,11.7,10.3,9.2,8.2,7.4,6.7,6.2,5.7,5.3,4.9,4.6,4.4,4.2,4,3.8,3.7
illin19697,13,11.8,10.7,9.7,8.9,8.2,7.6,7.1,6.6,6.2,5.9,5.6,5.4,5.2,5,4.9,4.7,4.6,4.5,4.4,4.3
illin19712,23,21.2,19.5,17.9,16.4,14.9,13.6,12.4,11.3,10.2,9.3,8.5,7.8,7.2,6.7,6.2,5.8,5.5,5.2,4.9,4.7
illin19974,28,25.6,23.5,21.7,20.2,18.8,17.7,16.7,15.9,15.1,14.5,14,13.5,13.1,12.7,12.4,12.1,11.9,11.6,11.4,11.2
illin20020,15,14.1,13.2,12.4,11.6,10.9,10.3,9.7,9.1,8.7,8.2,7.9,7.5,7.2,7,6.7,6.5,6.3,6.2,6,5.9
illin20072,26,24.2,22.6,21,19.7,18.4,17.3,16.3,15.4,14.6,14,13.3,12.8,12.3,11.9,11.5,11.2,10.9,10.6,10.3,10.1
illin2020,25,22.3,20,18.1,16.4,15,13.9,12.9,12,11.3,10.6,10.1,9.6,9.2,8.8,8.5,8.2,8,7.7,7.5,7.3
illin20324,20,19,18,17.1,16.3,15.6,14.9,14.3,13.8,13.3,12.8,12.4,12,11.6,11.3,11,10.7,10.5,10.2,10,9.8
illin2043,18,16.4,15.1,14.1,13.1,12.4,11.7,11.1,10.6,10.2,9.8,9.4,9.1,8.8,8.5,8.3,8,7.8,7.6,7.4,7.2
illin20683,22,19.8,18,16.5,15.3,14.2,13.3,12.5,11.9,11.3,10.8,10.4,10,9.6,9.3,9,8.7,8.4,8.2,8,7.8
illin20715,20,18.6,17.3,16.1,15,14.1,13.2,12.5,11.8,11.2,10.6,10.1,9.7,9.3,9,8.6,8.4,8.1,7.9,7.7,7.5
illin2081,24,20,16.6,13.9,11.7,9.9,8.5,7.4,6.5,5.7,5.2,4.7,4.3,4,3.7,3.5,3.3,3.2,3.1,2.9,2.8
illin2094,12,11.5,11,10.6,10.2,9.8,9.5,9.2,8.9,8.6,8.4,8.2,8,7.8,7.6,7.4,7.3,7.1,7,6.9,6.7
illin21006,11,10.2,9.4,8.6,8,7.4,6.8,6.4,5.9,5.6,5.3,5,4.8,4.5,4.4,4.2,4.1,3.9,3.8,3.7,3.6
illin21128,31,26.9,23.3,20.1,17.4,15.1,13.1,11.5,10.2,9.1,8.2,7.5,6.9,6.4,6,5.7,5.4,5.1,4.9,4.7,4.6
illin2115,11,10.1,9.3,8.6,8.1,7.6,7.2,6.9,6.6,6.4,6.2,6.1,6,5.8,5.8,5.7,5.6,5.5,5.5,5.4,5.4
illin2120,5,4.6,4.2,3.9,3.6,3.4,3.2,3.1,3,2.9,2.8,2.8,2.7,2.7,2.6,2.6,2.6,2.5,2.5,2.5,2.5
illin21364,10,8.5,7.3,6.3,5.4,4.7,4.2,3.8,3.4,3.1,2.9,2.7,2.5,2.4,2.3,2.2,2.1,2.1,2,2,1.9
illin21453,13,11.9,10.9,10,9.1,8.3,7.7,7,6.5,6,5.6,5.2,4.9,4.6,4.4,4.1,4,3.8,3.7,3.5,3.4
illin21504,15,13.6,12.4,11.3,10.4,9.6,8.9,8.3,7.8,7.3,7,6.6,6.4,6.1,5.9,5.7,5.5,5.4,5.2,5.1,5
illin21581,17,15.3,13.9,12.6,11.5,10.5,9.7,9,8.3,7.8,7.4,7,6.6,6.3,6.1,5.9,5.7,5.5,5.4,5.2,5.1
illin2163,28,25,22.3,20,17.9,16.2,14.6,13.3,12.2,11.2,10.4,9.7,9.1,8.5,8.1,7.7,7.3,7,6.7,6.5,6.2
illin2169,22,20,18.3,16.9,15.6,14.5,13.6,12.8,12.1,11.5,11,10.5,10.1,9.7,9.4,9.1,8.9,8.6,8.4,8.2,8.1
illin2173,28,24.8,22,19.5,17.3,15.5,13.9,12.5,11.4,10.4,9.6,9,8.4,7.9,7.5,7.2,6.9,6.6,6.4,6.2,6
illin2175,36,27.3,20.5,15.5,11.9,9.4,7.6,6.4,5.5,4.8,4.4,4,3.7,3.5,3.3,3.2,3.1,3,2.9,2.8,2.7
illin2201,16,14.5,13.2,12.1,11.1,10.2,9.4,8.8,8.2,7.7,7.3,7,6.6,6.4,6.1,5.9,5.7,5.5,5.4,5.2,5.1
illin22202,31,25.5,21,17.3,14.4,12.2,10.5,9.2,8.2,7.4,6.8,6.3,5.9,5.6,5.4,5.2,5,4.8,4.7,4.6,4.5
illin22226,25,21.4,18.4,15.8,13.7,12,10.6,9.4,8.5,7.7,7,6.5,6.1,5.7,5.4,5.1,4.9,4.7,4.5,4.3,4.2
illin2349,25,22.4,20.1,18.1,16.3,14.7,13.3,12.1,11.1,10.1,9.3,8.7,8,7.5,7,6.6,6.3,5.9,5.7,5.4,5.2
illin2372,27,24.3,21.8,19.6,17.7,16,14.5,13.2,12.1,11.2,10.4,9.7,9.1,8.6,8.2,7.8,7.5,7.2,6.9,6.7,6.5
illin2481,21,18.2,15.9,14,12.4,11,9.9,9,8.3,7.6,7.1,6.7,6.3,6,5.7,5.4,5.2,5,4.8,4.7,4.5
illin2557,22,18.9,16.5,14.5,12.9,11.5,10.5,9.6,8.9,8.3,7.8,7.4,7,6.7,6.5,6.3,6.1,5.9,5.7,5.6,5.5
illin2588,19,16.7,14.8,13.3,11.9,10.8,9.9,9.1,8.5,7.9,7.5,7.1,6.7,6.4,6.2,5.9,5.7,5.6,5.4,5.3,5.1
illin2602,9,8.7,8.3,8,7.7,7.4,7.1,6.8,6.6,6.4,6.1,5.9,5.7,5.6,5.4,5.2,5.1,5,4.8,4.7,4.6
illin2636,29,22.7,17.7,14,11.2,9.1,7.7,6.6,5.8,5.2,4.8,4.5,4.2,4,3.8,3.7,3.5,3.4,3.3,3.3,3.2
illin2663,6,5.9,5.9,5.8,5.8,5.7,5.6,5.6,5.5,5.5,5.4,5.4,5.3,5.3,5.2,5.2,5.1,5.1,5,5,4.9
illin2678,6,5.9,5.8,5.6,5.5,5.4,5.3,5.2,5.1,5,4.9,4.8,4.8,4.7,4.6,4.5,4.5,4.4,4.4,4.3,4.2
illin2711,15,13.7,12.6,11.8,11,10.4,9.9,9.5,9.1,8.8,8.6,8.3,8.1,7.9,7.8,7.6,7.5,7.3,7.2,7.1,7
illin2732,16,14.2,12.7,11.6,10.7,10,9.4,9,8.6,8.3,8.1,7.9,7.7,7.5,7.4,7.3,7.2,7.2,7.1,7,7
illin2785,29,25.5,22.7,20.3,18.4,16.9,15.6,14.5,13.7,12.9,12.3,11.8,11.3,10.9,10.5,10.2,9.9,9.6,9.4,9.1,8.9
illin2806,22,20.2,18.5,17,15.7,14.5,13.5,12.6,11.8,11.1,10.5,10,9.6,9.2,8.9,8.6,8.3,8.1,7.9,7.7,7.6
illin2831,17,15.7,14.6,13.6,12.8,12.1,11.4,10.9,10.4,10,9.6,9.3,9,8.7,8.5,8.3,8.2,8,7.8,7.7,7.6
illin2862,26,23.8,21.9,20.3,18.9,17.6,16.5,15.6,14.8,14.1,13.5,13,12.5,12.1,11.7,11.4,11.2,10.9,10.7,10.5,10.3
illin2865,13,12.2,11.4,10.7,10,9.5,8.9,8.4,8,7.6,7.2,6.9,6.6,6.3,6,5.8,5.6,5.4,5.2,5,4.9
illin2866,23,21.8,20.7,19.6,18.7,17.9,17.1,16.4,15.8,15.2,14.7,14.2,13.8,13.4,13,12.7,12.4,12.1,11.8,11.6,11.4
illin2867,21,18.9,17.1,15.5,14.2,13,12,11.1,10.3,9.7,9.1,8.5,8.1,7.6,7.3,6.9,6.6,6.3,6.1,5.9,5.7
illin2871,21,18.7,16.7,15,13.5,12.3,11.3,10.5,9.8,9.2,8.7,8.3,7.9,7.6,7.3,7.1,6.9,6.7,6.6,6.5,6.3
illin2891,15,14.3,13.7,13.2,12.7,12.2,11.8,11.4,11,10.7,10.4,10.1,9.9,9.7,9.5,9.3,9.1,8.9,8.8,8.6,8.5
illin2892,32,29,26.3,24,21.9,20.1,18.5,17.1,15.9,14.9,13.9,13.1,12.4,11.7,11.2,10.7,10.2,9.8,9.4,9.1,8.8
illin2898,14,12.6,11.4,10.3,9.3,8.5,7.8,7.2,6.7,6.2,5.8,5.5,5.2,5,4.7,4.5,4.4,4.2,4.1,4,3.9
illin2902,15,13.6,12.4,11.3,10.3,9.4,8.6,7.8,7.2,6.7,6.2,5.8,5.4,5.1,4.8,4.6,4.4,4.2,4,3.9,3.8
illin2910,9,8.1,7.4,6.8,6.2,5.8,5.4,5.1,4.8,4.6,4.4,4.2,4.1,3.9,3.8,3.7,3.6,3.5,3.4,3.3,3.3
illin2911,14,12.9,12,11.1,10.4,9.7,9.1,8.5,8,7.6,7.2,6.8,6.5,6.2,5.9,5.7,5.4,5.2,5.1,4.9,4.7
illin2959,26,22.7,19.9,17.6,15.7,14.1,12.7,11.6,10.7,9.9,9.2,8.6,8.1,7.7,7.3,7,6.7,6.5,6.3,6.1,5.9
illin2983,38,35,32.2,29.7,27.4,25.3,23.5,21.9,20.4,19.1,18,17,16,15.2,14.5,13.8,13.2,12.6,12.1,11.6,11.2
illin2987,8,6.9,5.9,5.2,4.6,4.2,3.9,3.6,3.4,3.2,3.1,3,2.9,2.8,2.7,2.7,2.6,2.6,2.6,2.5,2.5
illin2990,7,6.3,5.8,5.3,4.9,4.6,4.3,4.1,3.9,3.7,3.6,3.5,3.4,3.3,3.3,3.2,3.2,3.1,3.1,3,3
illin3027,12,11.7,11.4,11.1,10.8,10.5,10.3,10,9.8,9.6,9.4,9.2,9,8.8,8.6,8.5,8.3,8.2,8,7.9,7.8
illin3086,29,24.6,20.9,17.9,15.5,13.5,11.9,10.6,9.6,8.7,8,7.5,7,6.6,6.2,6,5.7,5.5,5.3,5.1,5
illin3178,40,36.4,33.1,30.2,27.6,25.3,23.3,21.5,20,18.6,17.4,16.4,15.5,14.7,14,13.4,12.8,12.3,11.9,11.5,11.1
illin3196,16,14.9,13.9,12.9,11.9,11.1,10.2,9.5,8.8,8.1,7.6,7,6.6,6.2,5.8,5.5,5.2,5,4.7,4.5,4.4
illin3204,26,22.3,19.2,16.6,14.5,12.8,11.5,10.3,9.4,8.7,8.1,7.5,7.1,6.7,6.4,6.2,5.9,5.7,5.5,5.4,5.2
illin3210,9,8.2,7.5,6.8,6.2,5.7,5.2,4.8,4.4,4.1,3.8,3.6,3.4,3.2,3.1,2.9,2.8,2.7,2.6,2.6,2.5
illin3223,23,21.1,19.3,17.7,16.2,14.9,13.7,12.7,11.7,10.9,10.1,9.4,8.9,8.3,7.9,7.5,7.1,6.8,6.5,6.2,6
illin3228,26,20.9,16.8,13.6,11.1,9.2,7.7,6.6,5.7,5,4.5,4,3.7,3.4,3.2,3,2.9,2.7,2.6,2.5,2.4
illin3238,22,20.9,19.9,18.9,18,17.1,16.2,15.4,14.7,13.9,13.3,12.7,12.1,11.6,11.1,10.6,10.2,9.8,9.5,9.2,8.9
illin3376,15,13,11.3,9.9,8.8,7.9,7.1,6.5,6,5.6,5.3,5,4.8,4.6,4.4,4.3,4.2,4.1,4,3.9,3.8
illin3458,11,9.9,8.9,8.1,7.4,6.9,6.4,6,5.7,5.4,5.2,5,4.9,4.7,4.6,4.5,4.4,4.3,4.2,4.1,4.1
illin3465,25,21.1,17.9,15.2,13,11.3,9.9,8.8,7.9,7.1,6.5,6,5.6,5.2,4.9,4.6,4.4,4.2,4,3.9,3.8
illin3534,35,31.1,27.7,24.9,22.5,20.5,18.9,17.5,16.3,15.3,14.4,13.7,13,12.4,11.9,11.5,11.1,10.7,10.4,10.1,9.8
illin3539,23,20.3,18,16.1,14.6,13.2,12.2,11.2,10.5,9.8,9.2,8.7,8.3,7.9,7.6,7.3,7.1,6.8,6.6,6.5,6.3
illin3574,17,15.3,13.7,12.3,11.1,10,9,8.2,7.5,6.9,6.4,6,5.6,5.3,5.1,4.8,4.6,4.5,4.3,4.2,4.1
illin3587,14,13.2,12.6,12,11.5,11.1,10.8,10.5,10.2,10,9.8,9.6,9.5,9.3,9.2,9,8.9,8.8,8.7,8.6,8.5
illin3638,15,14.1,13.3,12.6,11.9,11.4,10.8,10.4,10,9.6,9.2,8.9,8.7,8.4,8.2,8,7.8,7.6,7.5,7.3,7.2
illin3653,40,37.2,34.6,32.2,30.1,28.1,26.4,24.8,23.4,22.1,21,20,19,18.2,17.5,16.8,16.2,15.6,15.1,14.7,14.3
illin3686,40,36.9,34,31.3,28.9,26.7,24.7,22.9,21.2,19.8,18.5,17.4,16.3,15.4,14.6,13.9,13.3,12.7,12.2,11.8,11.3
illin3691,18,15.5,13.5,11.9,10.6,9.5,8.6,7.9,7.3,6.8,6.3,6,5.6,5.3,5.1,4.9,4.7,4.5,4.4,4.2,4.1
illin3697,29,26.2,23.7,21.5,19.6,18,16.7,15.5,14.5,13.7,13,12.4,11.9,11.4,11,10.7,10.4,10.1,9.9,9.7,9.5
illin3712,8,7.5,7,6.6,6.1,5.7,5.4,5.1,4.8,4.5,4.3,4,3.8,3.7,3.5,3.4,3.2,3.1,3,2.9,2.8
illin3721,23,21.4,20,18.8,17.7,16.8,16,15.3,14.7,14.1,13.6,13.2,12.8,12.4,12.1,11.8,11.5,11.2,11,10.7,10.5
illin3799,17,15.4,14,12.7,11.5,10.5,9.5,8.7,8,7.4,6.9,6.4,6,5.6,5.3,5.1,4.9,4.7,4.5,4.3,4.2
illin3803,14,13.2,12.5,11.8,11.2,10.7,10.3,9.8,9.5,9.2,8.9,8.6,8.4,8.2,8,7.8,7.7,7.5,7.4,7.3,7.2
illin3804,40,36.4,33.1,30.2,27.5,25.2,23.1,21.2,19.5,18.1,16.8,15.6,14.6,13.7,12.9,12.2,11.5,10.9,10.4,9.9,9.5
illin3839,18,15.9,14.1,12.5,11,9.8,8.7,7.8,7.1,6.4,5.9,5.4,5,4.7,4.4,4.2,4,3.8,3.6,3.5,3.4
illin3869,12,11.5,11.1,10.7,10.3,10.1,9.8,9.6,9.4,9.2,9,8.9,8.8,8.6,8.5,8.4,8.3,8.2,8.1,8.1,8
illin3902,9,8.5,8.2,7.9,7.7,7.5,7.3,7.2,7.1,7,7,6.9,6.8,6.8,6.7,6.7,6.7,6.6,6.6,6.6,6.5
illin3944,13,12,11.2,10.5,9.9,9.5,9.1,8.8,8.5,8.3,8.1,7.9,7.7,7.6,7.5,7.3,7.2,7.2,7.1,7,6.9
illin3963,18,16.7,15.5,14.5,13.5,12.7,11.9,11.3,10.7,10.1,9.6,9.2,8.8,8.4,8.1,7.8,7.6,7.3,7.1,6.9,6.7
illin3995,13,11.4,10.1,9,8.1,7.3,6.6,6.1,5.6,5.3,4.9,4.6,4.4,4.2,4,3.8,3.7,3.5,3.4,3.3,3.2
illin3997,18,16.1,14.5,13.1,11.9,11,10.2,9.5,9,8.5,8.1,7.8,7.5,7.3,7.1,6.9,6.8,6.6,6.5,6.4,6.3
illin4082,30,26.6,23.6,21.1,18.9,17.1,15.6,14.3,13.3,12.4,11.7,11.1,10.5,10.1,9.7,9.4,9.1,8.8,8.6,8.4,8.2
illin4098,15,14.4,13.8,13.2,12.7,12.2,11.8,11.4,11,10.6,10.3,10,9.7,9.5,9.2,9,8.8,8.6,8.4,8.3,8.1
illin4103,17,15.9,14.8,13.8,12.9,12.1,11.4,10.7,10.1,9.6,9.1,8.7,8.3,8,7.7,7.5,7.2,7,6.8,6.6,6.5
illin4108,14,12.3,10.9,9.8,8.8,8,7.4,6.8,6.4,6,5.7,5.4,5.1,4.9,4.7,4.5,4.4,4.3,4.1,4,3.9
illin4120,19,18.3,17.7,17.1,16.5,16,15.5,15,14.6,14.1,13.7,13.3,13,12.6,12.3,12,11.7,11.4,11.1,10.9,10.7
illin4122,35,32,29.4,27.1,25,23.2,21.7,20.3,19.1,18.1,17.2,16.3,15.6,15,14.4,13.9,13.4,13,12.6,12.3,11.9
illin4141,37,34.7,32.6,30.7,29.1,27.6,26.3,25.1,24.1,23.2,22.4,21.7,21,20.4,19.9,19.4,19,18.6,18.3,17.9,17.6
illin4161,32,26.8,22.5,19,16.1,13.9,12.1,10.7,9.6,8.7,8,7.4,6.9,6.5,6.2,5.9,5.7,5.5,5.3,5.2,5
illin4183,15,14.6,14.2,13.8,13.4,13.1,12.8,12.5,12.3,12,11.8,11.6,11.4,11.2,11,10.9,10.7,10.6,10.5,10.3,10.2
illin4203,16,13.9,12.1,10.5,9.3,8.3,7.4,6.8,6.2,5.8,5.4,5.1,4.9,4.7,4.5,4.3,4.2,4.1,4,3.9,3.8
illin4205,36,31.7,27.8,24.4,21.5,19,16.9,15.2,13.8,12.6,11.6,10.8,10.1,9.6,9.1,8.7,8.4,8.1,7.8,7.6,7.4
illin4213,20,18.5,17.2,16,15.1,14.3,13.6,13,12.5,12.1,11.7,11.4,11.1,10.8,10.6,10.4,10.3,10.1,10,9.8,9.7
illin4253,18,16.3,14.8,13.5,12.5,11.5,10.8,10.1,9.5,9.1,8.7,8.3,8.1,7.8,7.6,7.4,7.2,7.1,6.9,6.8,6.7
illin4524,16,13.7,12,10.7,9.7,8.9,8.2,7.7,7.3,6.9,6.6,6.3,6.1,5.9,5.7,5.5,5.4,5.2,5.1,5,4.9
illin4548,31,27.9,25.2,23,21.1,19.6,18.3,17.2,16.2,15.4,14.7,14.2,13.6,13.2,12.8,12.4,12.1,11.8,11.5,11.2,11
illin4567,20,19.3,18.6,17.9,17.2,16.6,15.9,15.3,14.7,14.1,13.6,13,12.5,12,11.5,11.1,10.7,10.3,9.9,9.5,9.2
illin4615,28,24.7,21.8,19.2,17,15.2,13.5,12.1,10.9,9.9,9,8.3,7.6,7.1,6.6,6.2,5.9,5.5,5.3,5,4.8
illin4702,12,10.9,9.9,9.1,8.5,7.9,7.4,7,6.7,6.4,6.1,5.9,5.6,5.4,5.3,5.1,4.9,4.8,4.7,4.6,4.5
illin4750,30,25.7,22.3,19.5,17.4,15.8,14.5,13.5,12.7,12.1,11.6,11.2,10.8,10.6,10.3,10.1,10,9.8,9.7,9.6,9.4
illin4803,25,22.4,20.1,18,16.2,14.6,13.3,12.1,11.1,10.3,9.6,9,8.5,8,7.7,7.4,7.1,6.9,6.6,6.5,6.3
illin4840,12,11.3,10.7,10.1,9.6,9.2,8.9,8.6,8.3,8,7.8,7.6,7.4,7.2,7.1,6.9,6.8,6.7,6.6,6.5,6.4
illin4859,30,28,26.1,24.3,22.6,21.1,19.7,18.4,17.2,16,15,14.1,13.3,12.5,11.8,11.2,10.7,10.2,9.7,9.3,9
illin4874,24,22.4,21,19.8,18.6,17.6,16.7,15.9,15.1,14.5,13.9,13.4,12.9,12.5,12.1,11.8,11.5,11.2,10.9,10.7,10.5
illin4987,23,20.4,18.1,16.2,14.5,13,11.8,10.7,9.7,8.9,8.2,7.6,7.1,6.7,6.3,6,5.7,5.4,5.2,5,4.8
illin5027,19,17.5,16,14.7,13.5,12.4,11.4,10.4,9.6,8.8,8.1,7.5,7,6.5,6.1,5.7,5.4,5.1,4.9,4.6,4.4
illin5050,30,27.7,25.6,23.8,22.3,20.9,19.8,18.7,17.8,17,16.2,15.6,15,14.4,14,13.5,13.1,12.8,12.5,12.2,11.9
illin5122,29,25.8,23.2,21,19.1,17.6,16.4,15.3,14.5,13.7,13.1,12.6,12.1,11.7,11.4,11.1,10.8,10.6,10.4,10.2,10
illin5214,19,17.8,16.7,15.7,14.8,13.9,13.1,12.4,11.7,11.1,10.6,10.1,9.6,9.1,8.8,8.4,8.1,7.8,7.5,7.2,7
illin5329,11,9.8,8.9,8.1,7.5,6.9,6.5,6.2,5.9,5.6,5.4,5.2,5,4.9,4.8,4.6,4.5,4.4,4.4,4.3,4.2
illin5333,31,27.8,24.8,22.2,19.8,17.7,15.8,14.2,12.8,11.6,10.6,9.7,9,8.4,7.8,7.4,7,6.7,6.4,6.2,6
illin5425,15,12.7,10.7,9.1,7.8,6.7,5.8,5.1,4.5,4,3.6,3.3,3.1,2.9,2.7,2.6,2.5,2.4,2.3,2.3,2.2
illin5466,32,29.2,26.8,24.7,22.9,21.4,20.1,19,18,17.2,16.5,15.9,15.3,14.9,14.5,14.1,13.8,13.5,13.2,13,12.8
illin5471,20,18.6,17.4,16.3,15.4,14.5,13.8,13.1,12.5,12,11.5,11,10.6,10.3,9.9,9.6,9.3,9.1,8.9,8.6,8.4
illin5519,13,11.4,10.1,9.1,8.2,7.4,6.8,6.3,5.8,5.4,5.1,4.8,4.5,4.3,4.1,3.9,3.7,3.6,3.4,3.3,3.2
illin5609,26,24.5,23,21.7,20.5,19.4,18.4,17.5,16.7,15.9,15.2,14.6,14,13.5,13,12.6,12.2,11.8,11.5,11.2,10.9
illin5655,14,12.4,11,9.9,8.9,8.2,7.5,7,6.5,6.1,5.7,5.5,5.2,5,4.8,4.6,4.4,4.3,4.2,4,3.9
illin5746,23,21.3,19.8,18.3,17,15.8,14.7,13.8,12.9,12.2,11.5,10.9,10.4,10,9.6,9.2,8.9,8.7,8.4,8.2,8
illin5822,31,28,25.3,22.9,20.7,18.8,17.2,15.8,14.5,13.5,12.6,11.8,11.2,10.6,10.1,9.7,9.3,9,8.7,8.4,8.2
illin5871,40,37.2,34.6,32.2,30.1,28.1,26.4,24.8,23.4,22.1,21,20,19,18.2,17.5,16.8,16.2,15.6,15.1,14.7,14.3
illin6018,26,24,22.2,20.6,19.1,17.9,16.8,15.8,15,14.2,13.5,13,12.4,12,11.5,11.2,10.8,10.5,10.2,9.9,9.7
illin6071,32,29.6,27.3,25.2,23.2,21.4,19.7,18.2,16.8,15.6,14.5,13.5,12.6,11.8,11.1,10.5,9.9,9.4,9,8.6,8.3
illin6096,32,28.1,24.6,21.4,18.6,16.2,14.2,12.4,10.9,9.7,8.7,7.8,7.1,6.5,6.1,5.6,5.3,5,4.8,4.6,4.4
illin6184,25,21.9,19.1,16.7,14.6,12.8,11.3,10,8.9,8,7.3,6.6,6.1,5.6,5.2,4.9,4.6,4.4,4.2,4,3.9
illin6237,31,28.8,26.7,24.7,22.9,21.1,19.5,18,16.6,15.4,14.3,13.3,12.5,11.7,11,10.4,9.9,9.5,9.1,8.7,8.4
illin6282,24,21.5,19.3,17.4,15.7,14.3,13.1,12,11.1,10.4,9.7,9.2,8.7,8.3,8,7.7,7.4,7.2,7,6.8,6.6
illin6295,31,26.7,22.9,19.6,16.7,14.4,12.4,10.8,9.5,8.5,7.7,7.1,6.6,6.2,5.8,5.5,5.3,5.1,5,4.8,4.7
illin6340,34,29.9,26.3,23.3,20.7,18.5,16.6,15,13.7,12.6,11.6,10.8,10.1,9.5,8.9,8.5,8.1,7.8,7.5,7.2,7
illin6370,20,18.4,17,15.8,14.8,13.9,13.2,12.5,12,11.5,11,10.6,10.3,9.9,9.7,9.4,9.2,8.9,8.7,8.5,8.4
illin6386,25,22.5,20.3,18.3,16.7,15.3,14.1,13.1,12.2,11.5,10.8,10.2,9.7,9.3,8.9,8.5,8.2,7.9,7.7,7.4,7.2
illin6426,35,31.1,27.8,25,22.7,20.7,19.1,17.7,16.5,15.5,14.7,13.9,13.3,12.7,12.2,11.7,11.3,10.9,10.6,10.3,10
illin6462,29,25.9,23.2,20.8,18.8,17,15.6,14.4,13.3,12.5,11.8,11.2,10.7,10.2,9.8,9.5,9.3,9,8.8,8.6,8.5
illin6555,28,26,24.1,22.4,20.9,19.5,18.3,17.2,16.3,15.4,14.7,14,13.4,12.9,12.4,12,11.6,11.3,11,10.7,10.4
illin6690,27,23.8,21,18.5,16.3,14.4,12.8,11.5,10.3,9.4,8.5,7.8,7.2,6.7,6.3,5.9,5.6,5.3,5,4.8,4.6
illin6709,21,18.4,16.3,14.6,13.2,12.1,11.2,10.4,9.8,9.3,8.9,8.6,8.3,8,7.8,7.6,7.4,7.2,7.1,7,6.8
illin6794,13,12.5,12.1,11.6,11.2,10.7,10.3,9.9,9.5,9.2,8.8,8.5,8.2,7.9,7.6,7.3,7.1,6.9,6.6,6.4,6.3
illin6882,26,22.4,19.3,16.6,14.4,12.4,10.9,9.6,8.5,7.6,6.9,6.4,5.9,5.5,5.2,4.9,4.7,4.5,4.4,4.2,4.1
illin6886,30,27.2,24.8,22.6,20.7,19.1,17.7,16.5,15.5,14.6,13.8,13.2,12.6,12.1,11.7,11.3,11,10.7,10.4,10.2,10
illin6908,23,21,19.1,17.5,16,14.6,13.5,12.4,11.5,10.7,10,9.4,8.9,8.4,8,7.7,7.3,7.1,6.8,6.6,6.4
illin6911,24,22,20.3,18.8,17.4,16.3,15.2,14.3,13.6,12.9,12.3,11.7,11.2,10.8,10.4,10.1,9.8,9.5,9.3,9,8.8
illin6916,14,13.4,12.7,12.1,11.6,11,10.5,10,9.6,9.2,8.8,8.4,8.1,7.8,7.5,7.3,7,6.8,6.6,6.4,6.3
illin6930,33,28.6,24.9,21.8,19.3,17.2,15.5,14.1,13,12,11.2,10.5,9.9,9.5,9,8.7,8.3,8.1,7.8,7.6,7.4
illin6936,24,22,20.2,18.7,17.4,16.2,15.3,14.4,13.7,13.1,12.6,12.1,11.7,11.4,11.1,10.8,10.5,10.3,10.1,9.9,9.8
illin6946,30,27.1,24.4,22.1,20,18.2,16.6,15.3,14.1,13.1,12.3,11.6,11,10.4,10,9.6,9.2,8.9,8.6,8.4,8.1
illin698,22,19.4,17,14.9,13.1,11.5,10.2,9.1,8.2,7.5,7,6.5,6.1,5.8,5.5,5.3,5.1,5,4.9,4.8,4.7
illin7124,17,15,13.3,11.8,10.6,9.5,8.7,7.9,7.3,6.8,6.4,6.1,5.8,5.5,5.3,5.1,4.9,4.8,4.7,4.5,4.4
illin7125,20,18.4,17,15.8,14.7,13.7,12.9,12.2,11.5,10.9,10.4,10,9.6,9.2,8.9,8.6,8.4,8.1,7.9,7.7,7.5
illin718,8,7,6.1,5.4,4.7,4.2,3.8,3.4,3.1,2.9,2.7,2.6,2.4,2.3,2.2,2.1,2.1,2,2,1.9,1.9
illin7197,14,12.9,11.9,11,10.2,9.5,8.8,8.2,7.7,7.3,6.9,6.5,6.2,5.9,5.6,5.4,5.2,5,4.8,4.7,4.5
illin7209,12,10.5,9.2,8.1,7.2,6.4,5.7,5.2,4.7,4.3,4,3.7,3.5,3.3,3.1,3,2.8,2.7,2.6,2.5,2.5
illin7211,13,11.1,9.5,8.1,7,6,5.3,4.7,4.2,3.8,3.5,3.3,3.1,2.9,2.8,2.7,2.6,2.5,2.4,2.4,2.3
illin7253,16,14.9,13.9,13,12.3,11.6,11.1,10.6,10.2,9.8,9.5,9.3,9,8.8,8.6,8.4,8.3,8.1,8,7.9,7.7
illin7295,16,14.2,12.7,11.2,10,8.9,8,7.2,6.6,6.1,5.7,5.3,5,4.7,4.5,4.4,4.2,4.1,4,3.9,3.8
illin7320,10,9.1,8.2,7.4,6.7,6.1,5.6,5.1,4.8,4.4,4.1,3.9,3.7,3.6,3.4,3.3,3.2,3.1,3,3,2.9
illin734,24,22.1,20.4,18.9,17.6,16.5,15.5,14.6,13.8,13.1,12.5,11.9,11.5,11,10.6,10.2,9.9,9.6,9.4,9.1,8.9
illin7463,9,8.4,7.8,7.3,6.8,6.5,6.1,5.9,5.6,5.4,5.2,5.1,4.9,4.8,4.7,4.6,4.5,4.5,4.4,4.3,4.3
illin7486,19,18,17.1,16.2,15.4,14.7,14,13.4,12.8,12.2,11.8,11.3,10.9,10.5,10.2,9.9,9.6,9.3,9.1,8.9,8.7
illin750,40,36.9,34,31.3,28.9,26.7,24.7,22.9,21.2,19.8,18.5,17.4,16.3,15.4,14.6,13.9,13.3,12.7,12.2,11.8,11.3
illin7503,26,22.4,19.4,17,15,13.4,12.1,11,10.1,9.4,8.8,8.3,7.8,7.5,7.1,6.8,6.6,6.3,6.1,5.9,5.7
illin7528,16,14.1,12.5,11.1,10,9,8.3,7.7,7.2,6.8,6.5,6.2,6,5.8,5.6,5.5,5.4,5.3,5.2,5.1,5.1
illin7582,17,15.7,14.5,13.4,12.5,11.6,10.8,10.2,9.6,9.1,8.6,8.2,7.9,7.6,7.3,7.1,6.9,6.7,6.6,6.4,6.3
illin7598,28,25.5,23.1,20.9,18.8,17,15.3,13.8,12.5,11.3,10.3,9.4,8.7,8.1,7.5,7.1,6.6,6.3,6,5.7,5.5
illin7601,14,12.6,11.2,10,8.9,7.9,7,6.2,5.5,4.9,4.4,4,3.7,3.4,3.2,3,2.8,2.7,2.6,2.5,2.4
illin7603,22,20.5,19.1,17.9,16.8,15.9,15.1,14.3,13.7,13.1,12.6,12.1,11.7,11.3,10.9,10.6,10.3,10,9.7,9.5,9.3
illin7631,27,24.5,22.2,20.2,18.3,16.7,15.2,14,12.9,12,11.2,10.5,9.8,9.3,8.9,8.5,8.1,7.8,7.5,7.2,7
illin7696,18,16.2,14.8,13.6,12.7,11.9,11.3,10.8,10.3,9.9,9.5,9.2,8.9,8.7,8.4,8.2,8,7.8,7.7,7.5,7.4
illin7732,19,16.4,14.3,12.4,10.9,9.7,8.7,7.8,7.1,6.6,6.1,5.7,5.4,5.1,4.9,4.7,4.5,4.4,4.2,4.1,4
illin7757,22,19.8,17.7,15.8,14,12.5,11.1,10,9,8.1,7.4,6.8,6.3,5.9,5.5,5.2,4.9,4.7,4.5,4.3,4.2
illin7777,13,12.3,11.7,11.1,10.6,10,9.6,9.1,8.7,8.4,8.1,7.8,7.5,7.2,7,6.8,6.6,6.5,6.3,6.2,6.1
illin788,40,36.4,33.1,30.2,27.5,25.2,23.1,21.2,19.5,18.1,16.8,15.6,14.6,13.7,12.9,12.2,11.5,10.9,10.4,9.9,9.5
illin7913,16,15.1,14.3,13.5,12.8,12.2,11.6,11,10.5,10.1,9.7,9.4,9.1,8.8,8.5,8.3,8.1,7.9,7.8,7.6,7.5
illin7983,35,31.9,29,26.4,24.2,22.1,20.3,18.8,17.4,16.1,15,14.1,13.2,12.5,11.8,11.2,10.7,10.2,9.8,9.4,9.1
illin7992,20,18,16.1,14.4,13,11.7,10.6,9.6,8.8,8,7.4,6.9,6.5,6.1,5.8,5.5,5.3,5.1,4.9,4.8,4.7
illin8018,28,23.5,19.7,16.6,13.9,11.8,10.1,8.7,7.7,6.8,6.1,5.6,5.1,4.7,4.4,4.2,4,3.8,3.6,3.5,3.4
illin806,14,13.2,12.5,11.8,11.2,10.7,10.2,9.8,9.4,9,8.7,8.4,8.1,7.9,7.7,7.5,7.3,7.2,7,6.9,6.8
illin8071,24,22.1,20.5,18.9,17.6,16.4,15.4,14.5,13.7,13,12.4,11.9,11.4,11,10.7,10.3,10.1,9.8,9.6,9.4,9.2
illin8074,16,14.9,13.9,13,12.2,11.5,10.9,10.3,9.9,9.5,9.1,8.8,8.5,8.3,8.1,7.9,7.8,7.6,7.5,7.4,7.3
illin8098,22,19.8,17.9,16.2,14.8,13.5,12.4,11.5,10.7,10,9.3,8.8,8.3,7.9,7.5,7.2,6.9,6.6,6.3,6.1,5.9
illin8122,20,18.5,17.1,15.7,14.5,13.3,12.3,11.3,10.5,9.7,9,8.5,7.9,7.5,7.1,6.8,6.5,6.2,6,5.8,5.6
illin8148,22,19.1,16.5,14.3,12.4,10.8,9.4,8.3,7.4,6.6,6,5.5,5.1,4.8,4.5,4.3,4.1,4,3.8,3.7,3.6
illin8149,27,25,23.1,21.5,20,18.7,17.5,16.5,15.6,14.8,14.1,13.4,12.9,12.4,12,11.6,11.2,10.9,10.6,10.4,10.1
illin817,40,36.4,33.1,30.2,27.6,25.3,23.3,21.5,20,18.6,17.4,16.4,15.5,14.7,14,13.4,12.8,12.3,11.9,11.5,11.1
illin8190,25,21.9,19.2,16.8,14.8,13,11.6,10.3,9.3,8.4,7.6,7,6.5,6.1,5.7,5.4,5.1,4.8,4.6,4.5,4.3
illin8219,19,16.2,13.9,12.1,10.6,9.5,8.5,7.8,7.2,6.6,6.2,5.8,5.5,5.2,5,4.8,4.6,4.4,4.3,4.2,4
illin8224,18,17,16,15.1,14.3,13.5,12.7,12,11.4,10.8,10.2,9.7,9.3,8.9,8.5,8.2,7.9,7.6,7.4,7.1,6.9
illin8249,14,13.1,12.4,11.8,11.2,10.7,10.3,10,9.7,9.4,9.1,8.9,8.7,8.6,8.4,8.3,8.1,8,7.9,7.8,7.7
illin8303,19,15.7,13,10.8,9,7.6,6.5,5.6,4.9,4.4,4,3.7,3.4,3.2,3.1,2.9,2.8,2.7,2.7,2.6,2.5
illin833,23,20.4,18,16,14.3,12.8,11.6,10.5,9.6,8.9,8.3,7.7,7.3,6.9,6.6,6.4,6.1,5.9,5.8,5.6,5.5
illin8335,9,8.2,7.5,6.8,6.1,5.5,5,4.5,4.1,3.8,3.5,3.3,3.1,2.9,2.7,2.6,2.5,2.4,2.3,2.2,2.2
illin8398,23,20.6,18.6,16.8,15.3,14.1,13,12.1,11.4,10.8,10.2,9.8,9.4,9,8.8,8.5,8.3,8.1,7.9,7.8,7.6
illin8428,18,17.1,16.4,15.7,15.2,14.7,14.3,13.9,13.6,13.3,13,12.8,12.6,12.4,12.2,12,11.8,11.7,11.5,11.4,11.3
illin8432,29,22.7,18,14.4,11.8,9.8,8.3,7.2,6.3,5.6,5,4.6,4.2,3.9,3.7,3.5,3.3,3.1,3,2.9,2.8
illin8448,24,19.8,16.4,13.7,11.5,9.8,8.4,7.3,6.4,5.7,5.1,4.6,4.3,3.9,3.7,3.4,3.3,3.1,3,2.9,2.8
illin853,25,23.1,21.4,19.9,18.6,17.4,16.3,15.3,14.5,13.7,13.1,12.5,12,11.5,11,10.7,10.3,10,9.7,9.4,9.2
illin8530,28,24.4,21.2,18.5,16.1,14.1,12.5,11.1,9.9,9,8.2,7.5,7,6.6,6.2,5.9,5.6,5.4,5.2,5,4.8
illin8534,28,26,24.2,22.6,21.2,20,18.9,18,17.2,16.5,15.9,15.3,14.8,14.3,13.9,13.5,13.2,12.8,12.5,12.3,12
illin854,17,15.5,14.2,13,12,11.1,10.4,9.8,9.2,8.8,8.3,8,7.7,7.4,7.2,7,6.8,6.6,6.5,6.3,6.2
illin8594,19,17.7,16.6,15.6,14.8,14,13.4,12.9,12.5,12.1,11.7,11.4,11.1,10.9,10.7,10.5,10.3,10.1,10,9.8,9.7
illin8639,14,12.8,11.7,10.8,10.1,9.5,9,8.6,8.2,7.9,7.7,7.4,7.2,7.1,6.9,6.7,6.6,6.5,6.4,6.3,6.2
illin8743,20,18.2,16.6,15.2,14,13.1,12.2,11.5,10.9,10.3,9.9,9.5,9.2,8.9,8.6,8.4,8.2,8,7.8,7.7,7.5
illin8832,30,27.2,24.6,22.3,20.3,18.5,16.9,15.5,14.3,13.3,12.4,11.6,10.9,10.3,9.8,9.4,9,8.7,8.4,8.1,7.9
illin8855,26,24.5,23.1,21.8,20.5,19.2,18,16.9,15.9,14.9,14,13.1,12.4,11.6,11,10.4,9.8,9.4,8.9,8.5,8.1
illin8876,14,12.7,11.6,10.5,9.7,8.9,8.3,7.7,7.3,6.9,6.5,6.2,5.9,5.7,5.5,5.3,5.1,5,4.9,4.7,4.6
illin8966,19,18,17,16.2,15.4,14.7,14.1,13.5,13,12.5,12.1,11.7,11.3,11,10.7,10.4,10.1,9.9,9.6,9.4,9.2
illin898,23,20.4,18.1,16.1,14.3,12.8,11.6,10.5,9.6,8.8,8.2,7.7,7.2,6.8,6.5,6.2,6,5.7,5.6,5.4,5.2
illin90177,12,10.9,10,9.2,8.5,8,7.6,7.2,6.9,6.6,6.4,6.2,6.1,5.9,5.8,5.7,5.6,5.5,5.4,5.4,5.3
illin90261,20,18.7,17.6,16.5,15.6,14.7,13.9,13.2,12.5,12,11.5,11,10.6,10.2,9.9,9.6,9.3,9.1,8.9,8.7,8.5
illin9051,18,17.3,16.6,16,15.4,14.9,14.5,14.1,13.7,13.3,13,12.7,12.5,12.2,12,11.8,11.6,11.4,11.3,11.1,11
illin9084,14,12.7,11.6,10.6,9.8,9.1,8.5,8,7.5,7.1,6.8,6.5,6.3,6.1,5.9,5.8,5.6,5.5,5.4,5.3,5.2
illin9104,27,25.1,23.3,21.7,20.2,18.8,17.5,16.4,15.3,14.4,13.5,12.7,12,11.4,10.8,10.3,9.8,9.4,9,8.6,8.3
illin9178,23,18.5,15.1,12.5,10.5,9,7.8,7,6.3,5.7,5.3,5,4.7,4.4,4.2,4.1,3.9,3.8,3.7,3.6,3.5
illin9193,23,19.7,16.9,14.5,12.5,10.9,9.6,8.6,7.7,7,6.5,6,5.6,5.3,5,4.8,4.6,4.5,4.3,4.2,4.1
illin922,11,10.1,9.4,8.8,8.3,7.9,7.6,7.3,7.1,6.9,6.7,6.6,6.4,6.3,6.2,6.1,6,6,5.9,5.9,5.8
illin9246,23,19.9,17.2,15,13.2,11.7,10.5,9.5,8.7,8.1,7.5,7.1,6.7,6.4,6.1,5.9,5.7,5.5,5.3,5.2,5.1
illin9279,18,16.6,15.3,14.2,13.2,12.2,11.4,10.7,10,9.4,8.9,8.4,8,7.6,7.2,6.9,6.6,6.4,6.2,5.9,5.7
illin9288,30,27.6,25.2,22.8,20.5,18.3,16.3,14.4,12.6,11.1,9.8,8.7,7.7,6.9,6.2,5.7,5.2,4.9,4.5,4.3,4.1
illin946,10,9.6,9.2,8.9,8.6,8.4,8.1,7.9,7.7,7.5,7.3,7.2,7,6.8,6.7,6.6,6.4,6.3,6.2,6.1,5.9
illin949,17,15.5,14.2,13,11.9,11,10.1,9.4,8.7,8.1,7.5,7,6.6,6.2,5.9,5.6,5.3,5.1,4.8,4.6,4.5
illin9494,34,30.2,26.9,24.1,21.8,19.8,18.1,16.7,15.5,14.4,13.5,12.7,12,11.4,10.8,10.3,9.9,9.5,9.1,8.8,8.5
illin9508,5,4.8,4.5,4.3,4.2,4,3.8,3.7,3.6,3.5,3.4,3.3,3.2,3.2,3.1,3,3,2.9,2.9,2.9,2.8
illin9510,20,17.5,15.5,13.8,12.5,11.4,10.5,9.7,9.1,8.6,8.1,7.7,7.4,7.1,6.9,6.7,6.5,6.3,6.1,6,5.9
illin9528,23,19.8,17.2,15,13.2,11.7,10.5,9.6,8.8,8.2,7.7,7.2,6.9,6.6,6.3,6.1,6,5.8,5.7,5.5,5.4
illin9553,17,14.8,12.9,11.3,10,9,8.1,7.3,6.7,6.2,5.7,5.4,5,4.8,4.5,4.3,4.2,4,3.9,3.8,3.7
illin9619,18,15.8,13.9,12.4,11.1,10,9.2,8.5,7.9,7.5,7.1,6.8,6.5,6.3,6.1,5.9,5.8,5.7,5.6,5.5,5.4
illin9621,15,12.8,11.1,9.7,8.6,7.7,6.9,6.3,5.8,5.3,4.9,4.6,4.3,4.1,3.9,3.7,3.5,3.4,3.2,3.1,3
illin9623,21,19.5,18.1,16.8,15.6,14.5,13.4,12.4,11.5,10.7,9.9,9.2,8.6,8,7.5,7.1,6.7,6.3,6,5.7,5.5
illin9636,15,14.1,13.2,12.5,11.9,11.3,10.8,10.4,10,9.7,9.4,9.1,8.9,8.6,8.4,8.2,8.1,7.9,7.7,7.6,7.5
illin9683,24,22.1,20.2,18.4,16.6,15,13.4,12,10.7,9.5,8.5,7.6,6.9,6.2,5.7,5.2,4.9,4.5,4.3,4,3.8
illin9727,20,15.9,12.9,10.6,8.9,7.7,6.8,6.1,5.6,5.3,5,4.7,4.6,4.4,4.3,4.2,4.1,4,3.9,3.9,3.8
illin9778,21,18.6,16.3,14.2,12.3,10.6,9.2,7.9,6.9,6,5.3,4.7,4.2,3.9,3.5,3.3,3.1,2.9,2.8,2.7,2.6
illin9873,13,12,11.1,10.2,9.5,8.8,8.2,7.7,7.3,6.8,6.5,6.1,5.8,5.6,5.3,5.1,4.9,4.7,4.6,4.4,4.3
illin9890,16,14,12.3,10.9,9.7,8.6,7.8,7.1,6.5,6,5.5,5.2,4.9,4.6,4.4,4.2,4,3.9,3.7,3.6,3.5
illin9933,18,16.1,14.4,12.9,11.7,10.7,9.8,9,8.4,7.9,7.4,7,6.7,6.4,6.2,5.9,5.7,5.5,5.4,5.2,5.1
illin9949,20,17.9,16,14.4,13,11.8,10.7,9.9,9.1,8.5,7.9,7.4,7,6.6,6.3,6,5.8,5.5,5.3,5.1,5
illin9966,26,23.7,21.5,19.5,17.6,16,14.5,13.1,12,10.9,10.1,9.3,8.6,8.1,7.6,7.2,6.8,6.5,6.2,6,5.8
illin9982,22,20.3,18.7,17.3,16.1,14.9,13.9,13,12.3,11.6,11,10.4,10,9.6,9.2,8.9,8.6,8.3,8.1,7.9,7.7
illin9992,20,18.1,16.4,14.9,13.6,12.4,11.4,10.6,9.8,9.2,8.6,8.1,7.7,7.3,7,6.7,6.4,6.2,6,5.8,5.7
kasky1043,21,18.5,16.4,14.7,13.4,12.3,11.3,10.6,10,9.4,9,8.6,8.3,8,7.8,7.5,7.3,7.2,7,6.9,6.7
kasky1134,36,29.9,24.9,20.8,17.5,14.9,12.9,11.4,10.1,9.2,8.4,7.8,7.3,6.9,6.6,6.3,6,5.8,5.6,5.5,5.4
kasky1192,23,20.2,17.8,15.8,14.1,12.8,11.7,10.8,10.1,9.5,9,8.6,8.3,8,7.7,7.5,7.4,7.2,7.1,6.9,6.8
kasky1229,23,21.4,20,18.9,17.9,17.1,16.4,15.9,15.4,14.9,14.5,14.2,13.9,13.6,13.4,13.2,13,12.8,12.6,12.5,12.3
kasky1248,19,17.1,15.6,14.4,13.3,12.5,11.8,11.2,10.6,10.2,9.8,9.4,9.1,8.8,8.5,8.3,8.1,7.9,7.7,7.6,7.4
kasky1299,23,19.9,17.2,14.7,12.6,10.9,9.4,8.2,7.2,6.5,5.8,5.3,5,4.6,4.4,4.2,4,3.9,3.7,3.6,3.5
kasky1307,21,18.2,15.9,14.1,12.6,11.4,10.4,9.6,9,8.4,8,7.6,7.3,7,6.7,6.5,6.3,6.2,6,5.8,5.7
kasky14,20,17.9,15.9,14.1,12.3,10.8,9.4,8.2,7.1,6.2,5.5,4.9,4.4,4,3.7,3.4,3.2,3,2.9,2.7,2.6
kasky15,17,16.4,15.9,15.3,14.9,14.4,14,13.6,13.2,12.9,12.6,12.3,12,11.8,11.6,11.4,11.2,11,10.8,10.7,10.5
kasky156,13,11.5,10.3,9.2,8.2,7.4,6.7,6.1,5.6,5.2,4.8,4.5,4.2,3.9,3.7,3.6,3.4,3.3,3.2,3.1,3
kasky1614,17,14.6,12.6,10.9,9.6,8.5,7.7,7,6.5,6,5.7,5.4,5.2,5,4.8,4.7,4.6,4.5,4.4,4.3,4.3
kasky1675,28,25.2,22.7,20.5,18.5,16.8,15.2,13.8,12.6,11.5,10.5,9.6,8.9,8.2,7.7,7.2,6.7,6.3,6,5.7,5.5
kasky1681,21,19.5,18.1,16.8,15.7,14.7,13.8,13,12.3,11.6,11.1,10.6,10.2,9.8,9.5,9.2,9,8.7,8.6,8.4,8.2
kasky1685,22,20.5,19.1,17.8,16.5,15.4,14.4,13.4,12.5,11.7,11,10.3,9.7,9.1,8.6,8.2,7.8,7.4,7.1,6.8,6.5
kasky1688,30,27,24.4,22,20,18.3,16.7,15.4,14.2,13.3,12.4,11.6,11,10.4,9.9,9.5,9.1,8.8,8.4,8.2,7.9
kasky171,22,20.3,18.8,17.5,16.4,15.5,14.7,14,13.4,12.9,12.4,12,11.7,11.4,11.1,10.9,10.7,10.5,10.3,10.2,10
kasky1789,22,20,18.2,16.6,15.2,14,12.9,11.9,11.1,10.3,9.7,9.1,8.6,8.1,7.7,7.3,7,6.7,6.5,6.2,6
kasky1897,30,26,22.7,19.9,17.6,15.8,14.2,13,12,11.2,10.5,9.9,9.5,9.1,8.7,8.4,8.2,8,7.8,7.6,7.4
kasky1945,22,20,18.3,16.8,15.5,14.4,13.4,12.6,11.9,11.3,10.7,10.2,9.8,9.5,9.2,8.9,8.6,8.4,8.2,8,7.8
kasky2219,20,19,18.1,17.2,16.5,15.8,15.1,14.5,14,13.5,13.1,12.7,12.3,12,11.6,11.4,11.1,10.8,10.6,10.4,10.2
kasky2282,31,26.3,22.5,19.4,17.1,15.2,13.7,12.5,11.6,10.8,10.2,9.6,9.2,8.8,8.5,8.2,8,7.8,7.6,7.4,7.3
kasky2311,32,29.7,27.5,25.5,23.6,21.9,20.3,18.9,17.6,16.5,15.4,14.5,13.6,12.9,12.2,11.6,11.1,10.6,10.2,9.8,9.4
kasky2332,15,14.2,13.3,12.6,11.8,11.1,10.4,9.7,9.1,8.6,8.1,7.6,7.2,6.8,6.5,6.2,5.9,5.7,5.5,5.3,5.1
kasky2414,24,20.8,18,15.6,13.5,11.8,10.3,9.1,8.1,7.3,6.7,6.1,5.7,5.3,5,4.7,4.5,4.3,4.1,3.9,3.8
kasky272,31,25,20.4,16.8,14.2,12.1,10.6,9.4,8.4,7.7,7.2,6.7,6.3,6,5.8,5.6,5.4,5.2,5.1,5,4.9
kasky2732,17,15.9,15,14.1,13.3,12.5,11.9,11.3,10.7,10.3,9.8,9.5,9.1,8.9,8.6,8.4,8.1,8,7.8,7.6,7.5
kasky2736,20,17.7,15.7,13.9,12.4,11.1,10,9.1,8.3,7.6,7.1,6.6,6.2,5.9,5.6,5.3,5.1,4.9,4.7,4.6,4.5
kasky2746,20,19,18.1,17.3,16.5,15.8,15.1,14.4,13.9,13.3,12.8,12.4,12,11.6,11.3,11,10.7,10.5,10.2,10,9.8
kasky2773,14,12.6,11.4,10.4,9.5,8.8,8.2,7.7,7.3,6.9,6.6,6.4,6.1,5.9,5.8,5.6,5.5,5.4,5.3,5.2,5.1
kasky2797,12,11.7,11.4,11.1,10.8,10.5,10.2,10,9.8,9.5,9.3,9.1,8.9,8.8,8.6,8.4,8.3,8.1,8,7.9,7.8
kasky2896,15,13.8,12.7,11.7,10.8,10,9.2,8.5,7.9,7.4,7,6.6,6.2,5.9,5.7,5.4,5.2,5,4.9,4.7,4.6
kasky2988,15,14,13.1,12.2,11.4,10.7,10,9.4,8.8,8.3,7.9,7.5,7.2,6.8,6.6,6.3,6.1,5.9,5.8,5.6,5.5
kasky3075,19,16.5,14.3,12.2,10.4,8.8,7.5,6.4,5.5,4.7,4.1,3.7,3.3,3,2.8,2.6,2.5,2.4,2.3,2.2,2.1
kasky3079,19,18,17.1,16.3,15.5,14.8,14.2,13.6,13.1,12.6,12.1,11.7,11.4,11,10.7,10.4,10.2,10,9.7,9.5,9.4
kasky3095,13,12,11,10.1,9.3,8.6,7.9,7.3,6.8,6.4,6,5.7,5.4,5.2,4.9,4.8,4.6,4.5,4.3,4.2,4.1
kasky3126,17,15.1,13.5,11.9,10.6,9.5,8.5,7.6,6.9,6.4,5.9,5.4,5.1,4.8,4.6,4.3,4.2,4,3.9,3.7,3.6
kasky3174,20,18.8,17.8,16.8,16,15.3,14.7,14.1,13.6,13.2,12.9,12.5,12.3,12,11.8,11.6,11.4,11.2,11.1,10.9,10.8
kasky3212,5,4.7,4.5,4.3,4,3.8,3.6,3.5,3.3,3.2,3.1,2.9,2.8,2.8,2.7,2.6,2.5,2.5,2.4,2.4,2.3
kasky3289,22,19.6,17.6,15.8,14.4,13.2,12.2,11.3,10.6,10.1,9.6,9.2,8.9,8.6,8.3,8.1,7.9,7.7,7.6,7.5,7.3
kasky3297,10,8.9,8.1,7.4,6.8,6.4,6,5.7,5.5,5.3,5.1,5,4.9,4.8,4.7,4.6,4.6,4.5,4.5,4.4,4.4
kasky3386,10,8.9,7.9,7.2,6.5,5.9,5.5,5.1,4.7,4.4,4.2,4,3.8,3.6,3.5,3.4,3.3,3.2,3.1,3,2.9
kasky3468,25,23.1,21.4,19.9,18.6,17.4,16.4,15.5,14.7,13.9,13.3,12.7,12.2,11.8,11.4,11,10.7,10.4,10.1,9.9,9.7
kasky3472,7,6.7,6.5,6.2,6,5.7,5.5,5.3,5.2,5,4.8,4.7,4.6,4.4,4.3,4.2,4.1,4.1,4,3.9,3.8
kasky3483,14,13.3,12.6,12,11.4,10.9,10.4,10,9.6,9.2,8.9,8.6,8.3,8.1,7.9,7.7,7.5,7.3,7.2,7,6.9
kasky3613,19,17.1,15.4,14,12.7,11.7,10.7,10,9.3,8.7,8.2,7.8,7.5,7.2,6.9,6.6,6.4,6.2,6.1,5.9,5.8
kasky3616,18,17,16.1,15.3,14.5,13.8,13.1,12.5,12,11.5,11.1,10.7,10.4,10.1,9.8,9.5,9.3,9.1,8.9,8.8,8.6
kasky3671,7,6.1,5.3,4.6,4,3.6,3.2,2.9,2.6,2.4,2.2,2.1,2,1.9,1.8,1.8,1.7,1.7,1.6,1.6,1.6
kasky4007,13,12.2,11.6,11,10.4,10,9.5,9.2,8.9,8.6,8.3,8.1,7.9,7.7,7.5,7.4,7.3,7.1,7,6.9,6.8
kasky4187,16,14.6,13.2,11.9,10.8,9.7,8.8,7.9,7.2,6.6,6,5.6,5.2,4.8,4.5,4.3,4,3.9,3.7,3.6,3.4
kasky419,28,24.1,20.9,18.4,16.4,14.8,13.6,12.5,11.6,10.9,10.3,9.8,9.3,9,8.6,8.3,8.1,7.8,7.6,7.4,7.2
kasky433,11,10.3,9.6,9,8.5,8.1,7.7,7.4,7.1,6.9,6.7,6.5,6.3,6.2,6,5.9,5.8,5.7,5.6,5.5,5.5
kasky4412,24,22.6,21.3,20.1,19.1,18.1,17.2,16.4,15.7,15.1,14.5,13.9,13.5,13,12.6,12.2,11.9,11.6,11.3,11.1,10.8
kasky449,24,21.8,19.9,18.1,16.5,15,13.8,12.7,11.8,11.1,10.4,9.8,9.3,8.9,8.6,8.3,8,7.8,7.6,7.4,7.2
kasky4504,18,16.6,15.5,14.5,13.6,12.8,12.1,11.5,11,10.5,10,9.6,9.3,8.9,8.7,8.4,8.1,7.9,7.7,7.6,7.4
kasky4584,17,16.1,15.2,14.4,13.6,12.8,12.1,11.5,10.9,10.4,9.9,9.4,9,8.6,8.3,8,7.7,7.5,7.2,7,6.8
kasky46,22,21.1,20.3,19.6,18.9,18.2,17.6,17,16.5,16.1,15.6,15.2,14.9,14.5,14.2,13.9,13.7,13.4,13.2,13,12.8
kasky4672,19,16.8,14.9,13.4,12,10.9,10,9.2,8.5,7.9,7.4,7,6.6,6.3,6,5.8,5.5,5.3,5.2,5,4.8
kasky4810,11,10.6,10.3,9.9,9.5,9.2,8.8,8.5,8.2,7.9,7.6,7.4,7.1,6.9,6.7,6.5,6.3,6.1,5.9,5.8,5.6
kasky4866,21,20,18.9,18,17,16.1,15.2,14.4,13.6,12.9,12.2,11.6,11,10.4,10,9.5,9.1,8.8,8.4,8.2,7.9
kasky4912,17,16.2,15.5,14.8,14.2,13.6,13.1,12.7,12.2,11.9,11.5,11.2,11,10.7,10.5,10.3,10.1,9.9,9.7,9.6,9.5
kasky5061,8,7.7,7.4,7.1,6.8,6.5,6.2,6,5.8,5.6,5.4,5.2,5,4.9,4.8,4.6,4.5,4.4,4.3,4.2,4.2
kasky5103,11,9.7,8.6,7.6,6.8,6,5.4,4.9,4.4,4,3.7,3.5,3.2,3,2.9,2.8,2.6,2.5,2.4,2.4,2.3
kasky52,22,18.4,15.6,13.4,11.6,10.3,9.2,8.4,7.7,7.2,6.8,6.5,6.2,5.9,5.7,5.5,5.4,5.2,5.1,5,4.9
kasky5415,11,10.5,10.1,9.7,9.3,9,8.7,8.4,8.2,7.9,7.7,7.6,7.4,7.2,7.1,7,6.8,6.7,6.6,6.5,6.5
kasky549,11,10.1,9.3,8.5,7.9,7.2,6.7,6.2,5.8,5.4,5,4.8,4.5,4.3,4.1,3.9,3.7,3.6,3.5,3.4,3.3
kasky5490,18,16.4,14.9,13.6,12.5,11.5,10.5,9.7,9,8.3,7.8,7.3,6.8,6.4,6.1,5.8,5.5,5.2,5,4.8,4.7
kasky5714,19,16.5,14.5,12.8,11.4,10.2,9.3,8.5,7.9,7.4,7,6.6,6.4,6.1,5.9,5.7,5.6,5.4,5.3,5.2,5.1
kasky640,27,25.6,24.4,23.3,22.3,21.5,20.7,20,19.3,18.7,18.2,17.7,17.3,16.8,16.4,16.1,15.7,15.4,15.1,14.8,14.5
kasky76,20,17.4,15.2,13.3,11.7,10.3,9.1,8.1,7.3,6.6,6,5.5,5,4.7,4.4,4.1,3.9,3.7,3.5,3.4,3.3
kasky81,15,14.5,13.9,13.5,13,12.5,12.1,11.7,11.3,11,10.6,10.3,10,9.7,9.4,9.2,8.9,8.7,8.5,8.3,8.1
kasky835,20,17.8,16,14.5,13.3,12.3,11.6,10.9,10.4,9.9,9.5,9.2,8.9,8.7,8.5,8.3,8.1,8,7.9,7.7,7.6
kasky911,18,16.4,15.1,13.9,12.8,11.9,11.1,10.4,9.8,9.2,8.8,8.4,8,7.7,7.4,7.1,6.9,6.6,6.4,6.3,6.1
ltver11,33,29.9,27.1,24.8,22.7,20.9,19.4,18,16.9,15.9,15,14.3,13.6,13,12.5,12,11.6,11.2,10.9,10.6,10.3
ltver20,36,30,25.2,21.4,18.4,16,14.2,12.8,11.7,10.8,10.1,9.5,9.1,8.7,8.3,8,7.8,7.6,7.4,7.2,7.1
ltver32,19,16.4,14.3,12.5,11.1,9.9,9,8.3,7.7,7.2,6.8,6.5,6.3,6.1,5.9,5.7,5.6,5.5,5.4,5.3,5.2
ltver33,20,18.1,16.5,15,13.7,12.5,11.5,10.7,10,9.4,8.8,8.4,8,7.6,7.3,7.1,6.9,6.7,6.5,6.3,6.2
ltver35,30,26.8,24.1,21.7,19.6,17.9,16.4,15.1,14,13,12.2,11.5,10.8,10.3,9.8,9.4,9,8.6,8.3,8.1,7.8
ltver64,26,21.1,17.3,14.3,12,10.3,8.9,7.9,7.1,6.5,6,5.5,5.2,4.9,4.7,4.5,4.3,4.2,4.1,4,3.9
ltver69,16,15.1,14.2,13.3,12.6,11.8,11.2,10.6,10,9.5,9.1,8.7,8.3,8,7.7,7.4,7.1,6.9,6.7,6.5,6.4
ltwab1128,15,13.9,12.9,12,11.1,10.3,9.6,9,8.5,8,7.6,7.2,6.9,6.6,6.4,6.1,5.9,5.8,5.6,5.5,5.3
ltwab1162,13,12.5,12,11.6,11.2,10.8,10.4,10.1,9.8,9.5,9.3,9,8.8,8.6,8.4,8.2,8.1,7.9,7.8,7.6,7.5
ltwab1163,22,20.8,19.6,18.5,17.5,16.6,15.7,14.9,14.2,13.5,13,12.4,11.9,11.5,11.1,10.7,10.4,10.1,9.8,9.6,9.4
ltwab1183,14,13,12.1,11.2,10.4,9.7,9.1,8.5,8,7.6,7.2,6.9,6.5,6.3,6,5.8,5.6,5.4,5.3,5.1,5
ltwab1296,15,14.2,13.4,12.6,11.9,11.3,10.7,10.2,9.6,9.2,8.7,8.3,8,7.6,7.3,7,6.8,6.5,6.3,6.1,5.9
ltwab1359,24,22.2,20.6,19.2,17.9,16.8,15.7,14.8,14,13.3,12.6,12.1,11.5,11.1,10.7,10.3,9.9,9.6,9.3,9.1,8.8
ltwab1425,21,19.3,17.8,16.4,15.3,14.3,13.4,12.7,12,11.5,11,10.6,10.3,10,9.7,9.4,9.2,9,8.9,8.7,8.5
ltwab155,20,18.3,16.9,15.6,14.6,13.7,12.9,12.2,11.6,11.1,10.6,10.3,9.9,9.6,9.3,9.1,8.9,8.7,8.5,8.4,8.2
ltwab1608,15,13.6,12.4,11.3,10.4,9.6,8.9,8.3,7.8,7.3,6.9,6.6,6.3,6,5.8,5.6,5.4,5.2,5.1,5,4.9
ltwab1961,22,20.6,19.3,18.1,16.9,15.8,14.8,13.8,12.9,12,11.2,10.5,9.8,9.2,8.7,8.2,7.8,7.4,7,6.7,6.4
ltwab206,22,19.5,17.3,15.5,13.9,12.6,11.4,10.5,9.7,9,8.4,7.9,7.5,7.1,6.8,6.5,6.3,6.1,5.9,5.7,5.6
ltwab2152,17,15.5,14.2,13,12,11.1,10.3,9.6,9.1,8.6,8.2,7.8,7.5,7.2,7,6.8,6.6,6.4,6.3,6.2,6
ltwab2314,19,17.9,16.8,15.8,14.9,14.1,13.3,12.5,11.9,11.3,10.7,10.2,9.7,9.3,8.9,8.5,8.2,7.9,7.6,7.3,7.1
ltwab2406,20,18.5,17.1,15.8,14.7,13.6,12.7,11.8,11.1,10.4,9.8,9.3,8.8,8.4,8,7.6,7.3,7,6.8,6.5,6.3
ltwab2748,12,10.2,8.8,7.7,6.8,6.1,5.6,5.1,4.8,4.5,4.2,4,3.9,3.7,3.6,3.4,3.3,3.2,3.1,3.1,3
ltwab485,33,29.3,26,22.9,20.3,17.9,15.9,14.2,12.8,11.6,10.7,9.9,9.2,8.7,8.2,7.9,7.5,7.3,7.1,6.9,6.7
ltwab709,23,21.5,20,18.6,17.2,16,14.8,13.8,12.8,11.9,11.1,10.4,9.8,9.3,8.8,8.4,8,7.7,7.4,7.1,6.9
ltwab727,23,21.3,19.9,18.6,17.5,16.5,15.6,14.9,14.3,13.7,13.2,12.7,12.3,12,11.6,11.3,11.1,10.8,10.6,10.4,10.2
ltwab99,24,22.3,20.7,19.4,18.1,17.1,16.1,15.3,14.6,13.9,13.3,12.8,12.3,11.9,11.5,11.2,10.9,10.6,10.4,10.1,9.9
marys108,18,16.1,14.5,13.1,11.9,11,10.2,9.5,8.9,8.4,8,7.7,7.4,7.1,6.9,6.7,6.5,6.3,6.2,6,5.9
marys130,20,18.4,16.9,15.5,14.2,13,12,11.1,10.3,9.5,8.9,8.4,7.9,7.5,7.1,6.8,6.5,6.2,6,5.8,5.7
marys160,14,12.6,11.4,10.3,9.3,8.5,7.8,7.2,6.7,6.2,5.8,5.5,5.2,5,4.8,4.6,4.5,4.4,4.3,4.2,4.1
marys167,15,14.1,13.3,12.6,11.9,11.3,10.7,10.2,9.7,9.3,8.9,8.5,8.2,7.9,7.6,7.4,7.1,6.9,6.7,6.6,6.4
marys222,23,20.8,18.8,17.1,15.6,14.2,13.1,12.1,11.3,10.6,10,9.5,9.1,8.7,8.4,8.1,7.9,7.6,7.5,7.3,7.1
marys225,17,15.3,13.7,12.3,11.1,10,9,8.2,7.4,6.8,6.2,5.8,5.3,5,4.7,4.4,4.2,4,3.8,3.7,3.5
marys244,18,16.3,14.8,13.4,12.2,11.1,10.1,9.3,8.6,8,7.5,7,6.6,6.3,6,5.7,5.5,5.3,5.1,5,4.8
marys339,23,19.8,17.2,15,13.3,11.8,10.6,9.6,8.8,8.1,7.5,7,6.6,6.2,5.9,5.6,5.4,5.2,5,4.8,4.6
marys368,16,14.7,13.6,12.6,11.8,11,10.4,9.8,9.3,8.9,8.6,8.2,7.9,7.7,7.5,7.3,7.1,6.9,6.8,6.6,6.5
marys380,19,17.5,16.2,15,13.9,12.9,12.1,11.4,10.8,10.2,9.8,9.4,9,8.7,8.5,8.2,8,7.9,7.7,7.6,7.4
marys383,21,17.3,14.3,11.8,9.8,8.2,6.9,5.9,5.2,4.6,4.1,3.7,3.4,3.2,3,2.8,2.7,2.5,2.4,2.4,2.3
marys423,20,17.4,15.1,13,11.3,9.8,8.5,7.5,6.6,5.9,5.4,4.9,4.5,4.2,3.9,3.7,3.5,3.4,3.2,3.1,3
marys426,21,18.1,15.6,13.4,11.6,10.1,8.9,7.8,7,6.3,5.8,5.3,5,4.6,4.4,4.2,4,3.8,3.7,3.6,3.5
marys43,19,17.8,16.7,15.7,14.8,14,13.2,12.5,11.9,11.3,10.8,10.4,9.9,9.6,9.2,8.9,8.6,8.3,8.1,7.9,7.6
marys434,18,15.6,13.5,11.8,10.4,9.3,8.4,7.7,7.1,6.6,6.2,5.8,5.5,5.3,5.1,4.9,4.8,4.6,4.5,4.4,4.3
marys506,15,12.8,10.9,9.2,7.7,6.5,5.5,4.7,4.1,3.6,3.2,2.9,2.6,2.4,2.3,2.2,2.1,2,1.9,1.9,1.8
marys526,12,10.8,9.8,9,8.3,7.7,7.2,6.8,6.5,6.2,6,5.8,5.6,5.5,5.3,5.2,5.1,5,5,4.9,4.8
marys528,24,19.9,16.4,13.6,11.4,9.5,8,6.9,5.9,5.2,4.6,4.1,3.7,3.4,3.2,2.9,2.8,2.6,2.5,2.4,2.4
marys538,7,6.2,5.5,4.9,4.5,4.1,3.8,3.5,3.3,3.1,3,2.8,2.7,2.6,2.5,2.4,2.4,2.3,2.3,2.2,2.2
nfsal1029,12,11.6,11.2,10.8,10.4,10,9.7,9.4,9,8.7,8.5,8.2,8,7.7,7.5,7.3,7.1,7,6.8,6.7,6.5
nfsal1097,14,12.8,11.7,10.8,9.9,9.2,8.5,7.9,7.4,6.9,6.5,6.1,5.8,5.5,5.2,5,4.8,4.6,4.5,4.3,4.2
nfsal1154,24,22.4,20.8,19.3,17.9,16.6,15.4,14.3,13.3,12.3,11.5,10.7,10.1,9.5,8.9,8.5,8.1,7.7,7.4,7.1,6.8
nfsal1168,15,13.8,12.6,11.6,10.6,9.7,8.9,8.2,7.5,6.9,6.4,6,5.6,5.3,5,4.7,4.5,4.3,4.1,4,3.8
nfsal1204,13,12.5,12.1,11.7,11.3,11,10.6,10.3,10.1,9.8,9.6,9.4,9.2,9,8.8,8.6,8.4,8.3,8.2,8,7.9
nfsal1214,12,11.5,11,10.5,10.1,9.7,9.4,9.1,8.8,8.5,8.3,8,7.9,7.7,7.5,7.4,7.2,7.1,7,6.9,6.8
nfsal1233,13,12,11.1,10.3,9.5,8.9,8.2,7.7,7.2,6.7,6.4,6,5.7,5.4,5.2,4.9,4.7,4.6,4.4,4.2,4.1
nfsal1272,15,13.7,12.6,11.7,10.8,10.1,9.5,8.9,8.5,8.1,7.8,7.5,7.2,7,6.8,6.7,6.5,6.4,6.2,6.1,6
nfsal150,13,12.3,11.7,11.2,10.6,10.2,9.7,9.3,8.9,8.6,8.3,8,7.7,7.4,7.2,7,6.8,6.6,6.4,6.3,6.1
nfsal230,24,20.7,17.9,15.5,13.4,11.6,10.1,8.9,7.9,7,6.3,5.7,5.2,4.8,4.4,4.1,3.9,3.7,3.5,3.4,3.2
nfsal308,23,19.1,15.9,13.3,11.4,9.8,8.6,7.6,6.8,6.2,5.6,5.2,4.8,4.5,4.3,4,3.8,3.7,3.5,3.4,3.3
nfsal407,23,21.9,20.8,19.8,18.8,17.9,17.1,16.4,15.7,15.1,14.5,14,13.5,13,12.6,12.2,11.9,11.6,11.3,11,10.8
nfsal427,16,11.7,8.4,6.1,4.5,3.4,2.7,2.2,1.9,1.7,1.6,1.5,1.4,1.3,1.3,1.3,1.2,1.2,1.2,1.2,1.2
nfsal439,25,22.3,20,18.1,16.5,15.1,14,13,12.2,11.5,10.8,10.3,9.8,9.4,9,8.7,8.4,8.1,7.9,7.7,7.5
nfsal462,24,21.7,19.8,18.2,16.8,15.7,14.7,13.9,13.2,12.7,12.2,11.8,11.4,11.1,10.8,10.6,10.4,10.2,10,9.8,9.7
nfsal616,23,20.6,18.6,16.9,15.5,14.2,13.2,12.3,11.6,11,10.4,9.9,9.5,9.1,8.7,8.4,8.1,7.9,7.6,7.4,7.2
nfsal648,24,21.6,19.4,17.5,15.7,14.2,12.9,11.7,10.7,9.9,9.1,8.5,7.9,7.4,7,6.6,6.3,6,5.8,5.6,5.4
nfsal724,15,12.7,10.8,9.3,8.1,7.2,6.4,5.8,5.3,4.9,4.6,4.4,4.2,4,3.8,3.7,3.6,3.5,3.4,3.3,3.3
nfsal804,13,12.2,11.4,10.7,10.1,9.5,9,8.5,8.1,7.7,7.3,7,6.8,6.5,6.3,6.1,5.9,5.7,5.6,5.4,5.3
nfsal954,19,18,17,16.1,15.2,14.3,13.6,12.8,12.1,11.5,10.9,10.4,10,9.5,9.2,8.8,8.5,8.2,8,7.8,7.6
nfsal973,15,14,13.1,12.2,11.5,10.8,10.1,9.6,9.1,8.6,8.2,7.9,7.6,7.3,7,6.8,6.6,6.4,6.2,6.1,6
north109,20,18.8,17.7,16.7,15.7,14.9,14.1,13.4,12.8,12.2,11.7,11.2,10.7,10.3,10,9.6,9.3,9,8.8,8.5,8.3
north1155,15,13.5,12.1,10.9,9.9,9,8.2,7.6,7,6.6,6.2,5.9,5.6,5.4,5.2,5,4.9,4.8,4.6,4.5,4.5
north314,22,20,18.3,17,15.9,15,14.2,13.6,13.1,12.6,12.2,11.9,11.6,11.3,11,10.8,10.6,10.4,10.3,10.1,10
north378,24,20.4,17.5,15.1,13.2,11.7,10.5,9.5,8.8,8.2,7.7,7.2,6.9,6.6,6.3,6.1,5.9,5.8,5.6,5.5,5.4
north428,28,24.2,21.1,18.5,16.4,14.6,13.1,11.8,10.7,9.8,9,8.3,7.6,7.1,6.6,6.2,5.9,5.5,5.3,5,4.8
north632,8,7.4,6.9,6.5,6.1,5.7,5.4,5.1,4.9,4.6,4.5,4.3,4.2,4.1,4,3.9,3.8,3.7,3.6,3.6,3.5
north683,21,19,17.2,15.7,14.3,13.2,12.2,11.4,10.6,10,9.5,9,8.7,8.3,8,7.7,7.5,7.3,7.1,6.9,6.8
north773,25,21.8,19,16.6,14.7,13,11.7,10.6,9.6,8.9,8.2,7.7,7.2,6.8,6.5,6.2,5.9,5.7,5.5,5.3,5.1
north866,19,16.8,15,13.4,12.1,11,10.1,9.4,8.7,8.2,7.8,7.4,7.1,6.9,6.6,6.4,6.3,6.1,6,5.9,5.8
north89,25,21.3,18.4,16,14.2,12.7,11.6,10.7,9.9,9.3,8.7,8.3,7.9,7.5,7.2,6.9,6.7,6.5,6.3,6.1,5.9
north900,28,22.6,18.3,15.1,12.6,10.8,9.3,8.3,7.5,6.8,6.3,5.9,5.6,5.3,5,4.8,4.7,4.5,4.4,4.3,4.2
north902,16,14.2,12.8,11.6,10.7,10,9.4,9,8.6,8.3,8,7.8,7.6,7.5,7.3,7.2,7.1,7,6.9,6.8,6.7
north916,15,13,11.2,9.8,8.6,7.6,6.8,6.2,5.7,5.3,5,4.7,4.5,4.3,4.1,4,3.9,3.8,3.7,3.6,3.5
north994,32,30.7,29.4,28.2,27,25.8,24.7,23.7,22.7,21.7,20.8,20,19.2,18.4,17.7,17,16.3,15.7,15.2,14.6,14.2
ohiot172,15,14,13.2,12.4,11.8,11.2,10.7,10.3,9.9,9.5,9.2,9,8.7,8.5,8.3,8.1,7.9,7.8,7.6,7.5,7.4
ohiot221,21,19.4,17.9,16.5,15.3,14.2,13.2,12.4,11.6,11,10.4,9.9,9.5,9.1,8.8,8.5,8.2,8,7.8,7.6,7.4
ohiot361,20,18.3,16.8,15.6,14.5,13.6,12.8,12.2,11.6,11.1,10.7,10.4,10.1,9.8,9.6,9.3,9.1,9,8.8,8.7,8.5
ohiot366,24,22.1,20.3,18.7,17.3,16,14.8,13.7,12.7,11.9,11.1,10.5,9.9,9.3,8.9,8.5,8.1,7.8,7.5,7.2,7
ohiot393,25,23.3,21.6,20.1,18.7,17.4,16.2,15.2,14.2,13.4,12.6,11.9,11.3,10.7,10.2,9.8,9.4,9.1,8.7,8.5,8.2
ohiot396,21,19.9,18.8,17.7,16.7,15.8,14.8,13.9,13.1,12.3,11.6,10.9,10.3,9.7,9.2,8.7,8.3,7.9,7.6,7.2,7
ohiot397,22,20.4,18.9,17.6,16.3,15.2,14.2,13.3,12.5,11.8,11.2,10.6,10.1,9.7,9.3,8.9,8.6,8.3,8.1,7.8,7.6
ohiot400,22,20.7,19.5,18.4,17.3,16.3,15.4,14.6,13.9,13.3,12.7,12.1,11.7,11.2,10.8,10.5,10.2,9.9,9.7,9.4,9.2
ohiot628,13,12.4,11.8,11.2,10.7,10.2,9.7,9.2,8.7,8.3,7.9,7.5,7.2,6.9,6.6,6.3,6.1,5.9,5.7,5.5,5.3
ohiot704,15,13.7,12.6,11.7,10.9,10.1,9.5,9,8.5,8.1,7.7,7.4,7.1,6.8,6.5,6.3,6.1,5.9,5.7,5.6,5.4
piasa257,21,20,19,18.1,17.3,16.6,15.9,15.2,14.7,14.1,13.7,13.2,12.9,12.5,12.2,11.9,11.7,11.4,11.2,11,10.8
piasa260,13,12.1,11.4,10.8,10.2,9.8,9.4,9.1,8.8,8.6,8.4,8.2,8,7.9,7.8,7.7,7.6,7.5,7.4,7.3,7.3
piasa279,7,6.7,6.5,6.3,6.1,5.9,5.7,5.5,5.3,5.2,5.1,4.9,4.8,4.7,4.6,4.5,4.4,4.3,4.3,4.2,4.1
piasa303,11,9.1,7.5,6.2,5.2,4.4,3.9,3.5,3.1,2.9,2.7,2.6,2.5,2.4,2.3,2.3,2.2,2.2,2.2,2.1,2.1
piasa347,18,16.4,15,13.7,12.6,11.7,10.8,10.1,9.5,9,8.6,8.2,7.9,7.6,7.4,7.2,7,6.8,6.7,6.5,6.4
piker200,11,10.2,9.4,8.7,8.1,7.6,7.1,6.7,6.3,5.9,5.6,5.3,5,4.8,4.6,4.4,4.2,4.1,3.9,3.8,3.7
piker204,5,4.6,4.2,3.9,3.6,3.3,3.1,2.9,2.7,2.6,2.4,2.3,2.2,2.2,2.1,2,2,1.9,1.9,1.9,1.8
piker209,7,6.8,6.7,6.5,6.4,6.3,6.1,6,5.9,5.8,5.7,5.6,5.5,5.5,5.4,5.3,5.3,5.2,5.1,5.1,5
rockr4592,17,15.2,13.6,12.2,11,10,9.1,8.4,7.8,7.2,6.8,6.5,6.2,5.9,5.7,5.5,5.4,5.2,5.1,5,4.9
rockr4763,22,19.1,16.5,14.3,12.5,10.9,9.7,8.7,7.9,7.2,6.7,6.2,5.9,5.6,5.3,5.1,5,4.8,4.7,4.6,4.5
rockr4914,20,16.9,14.5,12.6,11.1,10,9.1,8.5,8,7.5,7.2,6.9,6.7,6.5,6.4,6.2,6.1,6,5.9,5.8,5.7
rockr4917,13,12,11,10.2,9.5,8.9,8.4,7.9,7.5,7.2,6.9,6.6,6.4,6.2,6,5.8,5.7,5.6,5.5,5.4,5.3
rockr4973,14,12.8,11.7,10.8,10,9.3,8.7,8.2,7.8,7.5,7.1,6.8,6.6,6.4,6.2,6,5.8,5.7,5.6,5.4,5.3
rockr4974,26,22.7,20,17.8,16,14.6,13.4,12.4,11.6,11,10.4,9.9,9.5,9.1,8.8,8.5,8.3,8.1,7.9,7.7,7.5
rockr5059,15,13,11.4,10.1,9.2,8.4,7.8,7.3,6.9,6.6,6.3,6.1,5.8,5.7,5.5,5.4,5.2,5.1,5,4.9,4.8
rockr5175,26,22.8,19.9,17.5,15.5,13.8,12.4,11.2,10.3,9.5,8.8,8.3,7.9,7.5,7.2,6.9,6.6,6.4,6.3,6.1,6
rockr5255,14,12.9,12,11.2,10.4,9.8,9.2,8.7,8.3,7.9,7.6,7.3,7,6.8,6.6,6.4,6.3,6.1,6,5.9,5.8
rockr5385,19,17,15.1,13.5,12.2,11,9.9,9.1,8.3,7.7,7.1,6.6,6.2,5.9,5.5,5.3,5,4.8,4.6,4.5,4.3
rockr5392,13,11.5,10.3,9.2,8.3,7.6,6.9,6.4,5.9,5.5,5.2,4.9,4.7,4.4,4.3,4.1,3.9,3.8,3.7,3.6,3.5
rockr5419,22,19.6,17.7,16.2,14.9,13.9,13.1,12.5,12,11.5,11.1,10.8,10.6,10.3,10.1,9.9,9.7,9.5,9.4,9.2,9.1
rockr5506,22,19.3,16.9,14.9,13.2,11.7,10.5,9.5,8.6,7.9,7.2,6.7,6.3,5.9,5.6,5.3,5,4.8,4.6,4.5,4.3
rockr5524,11,10.5,10.1,9.7,9.3,8.9,8.6,8.3,8,7.7,7.4,7.2,6.9,6.7,6.5,6.3,6.1,6,5.8,5.7,5.5
rockr5541,15,13.9,12.9,12.1,11.3,10.5,9.9,9.3,8.8,8.4,8,7.6,7.3,7.1,6.8,6.6,6.4,6.2,6.1,5.9,5.8
rockr5560,17,15.2,13.6,12.2,11,9.9,9,8.1,7.4,6.8,6.3,5.8,5.4,5,4.7,4.5,4.2,4,3.9,3.7,3.6
rockr5584,13,11.7,10.4,9.2,8,7,6.1,5.3,4.7,4.1,3.7,3.3,3,2.8,2.6,2.5,2.3,2.2,2.1,2.1,2
rockr5636,14,13.1,12.3,11.5,10.8,10.1,9.5,8.9,8.4,7.9,7.5,7.1,6.8,6.5,6.2,5.9,5.7,5.5,5.3,5.2,5
rockr5658,13,12.3,11.6,11.1,10.7,10.3,9.9,9.7,9.4,9.2,9,8.8,8.7,8.5,8.4,8.3,8.1,8,8,7.9,7.8
rockr5702,14,12.9,11.9,11,10.2,9.5,8.8,8.2,7.7,7.2,6.8,6.4,6.1,5.8,5.5,5.3,5.1,4.9,4.8,4.6,4.5
rockr5748,17,14.6,12.5,10.6,9,7.7,6.5,5.6,4.9,4.3,3.8,3.4,3.1,2.9,2.7,2.5,2.4,2.3,2.2,2.1,2.1
rockr5888,18,17.1,16.2,15.4,14.6,13.8,13.1,12.4,11.7,11.1,10.6,10.1,9.6,9.2,8.8,8.5,8.1,7.9,7.6,7.4,7.2
rockr5916,9,8.5,8.1,7.8,7.4,7.1,6.9,6.6,6.4,6.3,6.1,6,5.8,5.7,5.6,5.5,5.4,5.4,5.3,5.2,5.2
rockr5928,20,18.2,16.7,15.2,14,12.9,11.9,11,10.2,9.6,9,8.5,8,7.6,7.2,6.9,6.6,6.3,6.1,5.8,5.6
rockr6036,24,22.5,21.1,19.7,18.5,17.4,16.4,15.5,14.7,13.9,13.2,12.6,12,11.5,11.1,10.6,10.3,9.9,9.6,9.3,9
rockr6113,15,13.9,12.9,12.1,11.4,10.7,10.2,9.7,9.2,8.9,8.5,8.2,8,7.8,7.5,7.4,7.2,7,6.9,6.8,6.7
rockr6339,20,18,16.2,14.6,13.3,12.2,11.3,10.5,9.8,9.3,8.8,8.4,8.1,7.8,7.5,7.3,7.1,6.9,6.7,6.6,6.5
rockr6521,25,23.6,22.3,21.1,20,18.9,18,17.2,16.4,15.7,15.1,14.5,14,13.5,13.1,12.8,12.4,12.1,11.8,11.6,11.4
rockr6626,23,21.7,20.4,19.3,18.3,17.4,16.6,15.8,15.2,14.6,14.1,13.7,13.3,12.9,12.6,12.3,12.1,11.8,11.6,11.4,11.3
rockr6900,27,25.6,24.4,23.2,22.1,21.1,20.2,19.3,18.6,17.8,17.2,16.6,16,15.5,15,14.5,14.1,13.7,13.4,13,12.7
rockr6945,11,10.4,9.8,9.2,8.7,8.2,7.7,7.3,6.9,6.5,6.2,5.8,5.5,5.3,5,4.8,4.6,4.4,4.2,4.1,3.9
rockr7127,16,14.6,13.3,12.2,11.3,10.4,9.7,9.1,8.5,8.1,7.7,7.4,7.1,6.9,6.7,6.5,6.3,6.2,6.1,6,5.9
rockr7195,12,11.5,11,10.6,10.2,9.8,9.4,9,8.7,8.4,8.1,7.9,7.7,7.4,7.2,7,6.9,6.7,6.6,6.4,6.3
rockr7315,18,16.5,15.1,13.8,12.7,11.7,10.9,10.2,9.6,9,8.6,8.2,7.9,7.6,7.3,7.1,6.9,6.8,6.6,6.5,6.4
rockr7416,9,8.4,7.9,7.4,7,6.7,6.4,6.2,5.9,5.7,5.6,5.4,5.3,5.2,5,4.9,4.9,4.8,4.7,4.6,4.6
rockr7728,13,12.8,12.5,12.3,12.1,11.9,11.8,11.6,11.4,11.3,11.1,11,10.9,10.7,10.6,10.5,10.4,10.3,10.2,10.1,10.1
rockr7768,15,12.7,10.8,9.2,7.9,6.9,6.1,5.5,5,4.5,4.2,3.9,3.7,3.5,3.4,3.2,3.1,3,2.9,2.8,2.8
rockr7781,21,18.8,17,15.4,14.1,13.1,12.1,11.3,10.6,10,9.5,9,8.6,8.2,7.8,7.5,7.2,7,6.7,6.5,6.3
rockr8490,20,18.4,16.9,15.5,14.1,12.9,11.7,10.7,9.7,8.8,8.1,7.4,6.8,6.3,5.8,5.4,5.1,4.8,4.5,4.3,4.1
rockr8581,5,4.2,3.6,3,2.6,2.3,2,1.8,1.7,1.5,1.5,1.4,1.3,1.3,1.3,1.3,1.2,1.2,1.2,1.2,1.2
rockr8700,16,15.3,14.6,13.9,13.3,12.7,12.1,11.5,11,10.6,10.1,9.7,9.4,9,8.7,8.4,8.2,7.9,7.7,7.5,7.3
rockr8701,8,7.3,6.6,6.1,5.6,5.3,5,4.7,4.5,4.3,4.2,4,3.9,3.8,3.8,3.7,3.6,3.6,3.5,3.5,3.4
rockr8704,5,4.7,4.4,4.1,3.9,3.8,3.6,3.5,3.4,3.4,3.3,3.2,3.2,3.2,3.1,3.1,3.1,3,3,3,3
rockr8723,11,10.1,9.3,8.5,7.8,7.2,6.6,6,5.5,5.1,4.7,4.4,4.1,3.9,3.7,3.5,3.3,3.2,3.1,3,2.9
rockr8729,11,10.5,10.1,9.8,9.4,9.1,8.8,8.5,8.3,8.1,7.9,7.7,7.6,7.4,7.3,7.2,7,6.9,6.8,6.8,6.7
rockr8752,15,14.3,13.7,13,12.5,11.9,11.4,10.9,10.5,10.1,9.8,9.4,9.1,8.9,8.6,8.4,8.2,8,7.8,7.7,7.5
rockr8769,8,7.3,6.7,6.1,5.6,5.1,4.6,4.2,3.9,3.6,3.3,3.1,2.9,2.8,2.6,2.5,2.4,2.3,2.3,2.2,2.1
rockr8773,12,11.1,10.3,9.6,8.9,8.4,7.9,7.5,7.1,6.7,6.5,6.2,6,5.8,5.6,5.5,5.4,5.3,5.2,5.1,5
rockr8780,17,16.8,16.6,16.3,16.1,16,15.8,15.6,15.4,15.3,15.1,14.9,14.8,14.6,14.5,14.4,14.3,14.1,14,13.9,13.8
rockr8942,12,11,10,9.2,8.4,7.7,7.2,6.7,6.2,5.9,5.5,5.3,5,4.8,4.7,4.5,4.4,4.3,4.2,4.1,4
rockr8955,6,5.8,5.6,5.4,5.2,5.1,5,4.8,4.7,4.6,4.6,4.5,4.4,4.4,4.3,4.3,4.2,4.2,4.1,4.1,4.1
rockr8981,19,17.9,16.9,16,15.1,14.4,13.7,13.1,12.5,12,11.6,11.2,10.8,10.5,10.2,9.9,9.7,9.4,9.2,9,8.9
rockr8985,18,17.3,16.7,16.1,15.5,15,14.5,14.1,13.7,13.3,12.9,12.6,12.3,12,11.7,11.5,11.3,11.1,10.9,10.7,10.6
rockr9018,20,18.2,16.4,14.8,13.3,11.9,10.7,9.6,8.6,7.8,7.1,6.6,6.1,5.6,5.3,5,4.7,4.5,4.3,4.2,4
rockr9032,12,11.5,11,10.5,10,9.6,9.2,8.8,8.5,8.2,7.9,7.7,7.4,7.2,7,6.8,6.7,6.5,6.4,6.3,6.2
rockr9286,23,21.5,20.1,18.8,17.7,16.7,15.8,15,14.3,13.7,13.1,12.6,12.2,11.8,11.4,11.1,10.8,10.5,10.2,10,9.8
sinwa1029,14,11.4,9.4,7.9,6.8,5.9,5.2,4.7,4.3,4,3.7,3.5,3.3,3.1,3,2.8,2.7,2.6,2.6,2.5,2.4
sinwa1044,14,12.1,10.6,9.3,8.4,7.6,6.9,6.4,6,5.6,5.3,5,4.8,4.6,4.4,4.2,4.1,3.9,3.8,3.7,3.6
sinwa1245,14,12.6,11.4,10.4,9.4,8.6,7.9,7.3,6.8,6.4,6,5.6,5.4,5.1,4.9,4.7,4.5,4.4,4.3,4.1,4
sinwa1316,10,9.4,8.9,8.4,8.1,7.8,7.5,7.3,7.1,6.9,6.8,6.7,6.6,6.5,6.4,6.3,6.3,6.2,6.2,6.1,6.1
sinwa261,15,13.5,12.2,11.1,10.1,9.4,8.7,8.2,7.8,7.4,7.1,6.8,6.6,6.4,6.2,6.1,5.9,5.8,5.7,5.6,5.5
sinwa357,19,17.2,15.7,14.4,13.3,12.3,11.5,10.8,10.2,9.7,9.3,8.9,8.5,8.2,8,7.7,7.5,7.3,7.1,6.9,6.8
sinwa391,10,8.3,6.8,5.7,4.9,4.2,3.8,3.4,3.1,2.9,2.8,2.6,2.5,2.5,2.4,2.3,2.3,2.3,2.2,2.2,2.2
sinwa407,12,11.2,10.6,10,9.5,9.1,8.8,8.5,8.3,8.1,7.9,7.7,7.6,7.5,7.3,7.2,7.2,7.1,7,7,6.9
sinwa462,15,13.9,13,12.1,11.3,10.6,10,9.4,8.9,8.5,8,7.7,7.3,7,6.7,6.4,6.2,5.9,5.7,5.5,5.4
sinwa463,16,14.7,13.6,12.6,11.7,11,10.3,9.7,9.3,8.8,8.4,8.1,7.8,7.5,7.3,7.1,6.9,6.7,6.5,6.4,6.2
sinwa522,13,11.8,10.6,9.5,8.4,7.5,6.6,5.8,5.1,4.6,4.1,3.7,3.4,3.1,2.9,2.7,2.5,2.4,2.3,2.2,2.2
sinwa681,17,16,15,14.2,13.4,12.8,12.2,11.6,11.1,10.7,10.3,10,9.7,9.4,9.2,9,8.7,8.6,8.4,8.2,8.1
sinwa688,14,13.2,12.5,11.8,11.3,10.8,10.3,9.9,9.6,9.3,9,8.8,8.6,8.4,8.2,8,7.9,7.8,7.7,7.6,7.5
sinwa704,16,14.3,12.9,11.7,10.7,9.9,9.2,8.6,8.1,7.7,7.3,7,6.7,6.5,6.2,6,5.8,5.7,5.5,5.4,5.2
sinwa744,13,12.2,11.4,10.7,10.1,9.5,9,8.6,8.2,7.8,7.5,7.2,6.9,6.7,6.5,6.3,6.1,5.9,5.8,5.7,5.5
sinwa798,19,17.2,15.7,14.3,13.2,12.2,11.4,10.7,10,9.5,9,8.6,8.3,8,7.7,7.4,7.2,7,6.8,6.6,6.5
vermi116,28,25.8,23.7,21.8,20.1,18.5,17.1,15.9,14.8,13.8,13,12.2,11.5,10.9,10.3,9.8,9.4,9,8.6,8.3,8
vermi126,21,19.3,17.6,16.2,14.9,13.7,12.6,11.7,10.9,10.3,9.7,9.2,8.7,8.3,8,7.7,7.5,7.3,7.1,6.9,6.8
vermi185,23,19.1,16.1,13.7,11.7,10.2,9,7.9,7.1,6.4,5.9,5.4,5,4.7,4.5,4.2,4,3.9,3.7,3.6,3.5
vermi264,17,15.4,13.9,12.7,11.5,10.5,9.7,9,8.4,7.8,7.4,7,6.7,6.4,6.1,5.9,5.7,5.6,5.4,5.3,5.2
vermi311,24,22.2,20.6,19.2,17.9,16.7,15.7,14.8,13.9,13.2,12.5,12,11.4,11,10.5,10.1,9.8,9.5,9.2,8.9,8.7
vermi349,21,19.3,17.7,16.2,14.9,13.7,12.6,11.6,10.7,9.9,9.2,8.6,8,7.5,7.1,6.7,6.4,6.1,5.8,5.6,5.4
vermi350,29,26,23.5,21.4,19.6,18.1,16.8,15.7,14.7,13.9,13.1,12.4,11.9,11.3,10.9,10.5,10.1,9.7,9.4,9.2,8.9
vermi419,15,13.2,11.7,10.5,9.4,8.6,7.9,7.3,6.8,6.3,6,5.7,5.5,5.2,5.1,4.9,4.8,4.6,4.5,4.4,4.4
vermi575,21,19,17.3,15.9,14.6,13.5,12.6,11.8,11.2,10.6,10.1,9.7,9.4,9.1,8.8,8.6,8.4,8.2,8,7.9,7.7
vermi605,24,18.5,14.6,11.8,9.8,8.5,7.5,6.8,6.3,5.9,5.6,5.3,5.1,4.9,4.7,4.6,4.5,4.3,4.2,4.1,4.1
vermi712,26,22.6,19.8,17.5,15.6,14,12.7,11.6,10.7,9.9,9.2,8.6,8.1,7.7,7.3,7,6.7,6.4,6.2,5.9,5.8
vermi778,34,29.8,26.1,23,20.4,18.1,16.3,14.7,13.4,12.4,11.4,10.7,10,9.4,9,8.5,8.2,7.9,7.6,7.3,7.1
vermi797,13,11.4,10.1,9,8.1,7.4,6.8,6.3,5.9,5.5,5.2,5,4.8,4.6,4.4,4.3,4.1,4,3.9,3.8,3.7
vermi798,32,29.2,26.8,24.7,22.9,21.4,20,18.9,18,17.1,16.4,15.8,15.2,14.7,14.3,13.9,13.5,13.1,12.8,12.5,12.3
vermi805,20,17.4,15.1,13.2,11.6,10.3,9.2,8.3,7.6,7,6.5,6,5.7,5.4,5.2,4.9,4.8,4.6,4.4,4.3,4.2
vermi817,26,23.5,21.4,19.4,17.8,16.3,15.1,14,13.1,12.3,11.6,11,10.5,10.1,9.7,9.3,9,8.7,8.4,8.2,8
vermi819,25,21.2,18.1,15.6,13.6,12.1,10.9,10,9.2,8.6,8.1,7.7,7.4,7.1,6.9,6.7,6.5,6.4,6.2,6.1,6
vermi825,9,8.5,8.1,7.7,7.4,7.1,6.8,6.5,6.3,6.1,5.9,5.7,5.6,5.5,5.3,5.2,5.1,5,5,4.9,4.8
vermi873,12,11.7,11.4,11.1,10.9,10.6,10.3,10.1,9.8,9.6,9.3,9.1,8.9,8.7,8.5,8.3,8.1,7.9,7.8,7.6,7.4
vermi892,18,16.7,15.5,14.5,13.6,12.8,12.1,11.5,10.9,10.4,10,9.6,9.3,9,8.7,8.5,8.2,8,7.9,7.7,7.5
vermi903,20,18.3,16.7,15.2,13.8,12.6,11.4,10.4,9.5,8.7,8,7.4,6.9,6.4,6,5.7,5.4,5.1,4.9,4.6,4.5
vermi972,11,10.4,9.8,9.4,9,8.6,8.3,8,7.8,7.6,7.3,7.2,7,6.8,6.7,6.5,6.4,6.2,6.1,6,5.9
vermi974,13,12.2,11.5,10.8,10.2,9.6,9.1,8.7,8.3,7.9,7.6,7.3,7,6.8,6.6,6.4,6.2,6,5.9,5.7,5.6
vermi979,10,9.3,8.7,8.2,7.7,7.3,6.9,6.6,6.3,6,5.8,5.6,5.4,5.2,5,4.9,4.8,4.7,4.5,4.5,4.4
vermi99,19,16.3,14.2,12.6,11.3,10.4,9.7,9.1,8.6,8.3,8,7.7,7.5,7.3,7.2,7,6.9,6.8,6.7,6.6,6.5
wabas176,28,26,24.1,22.3,20.8,19.3,18,16.9,15.9,14.9,14.1,13.4,12.8,12.3,11.8,11.4,11,10.6,10.3,10.1,9.8
wabas240,14,13,12.2,11.5,10.8,10.3,9.8,9.3,8.9,8.6,8.3,8.1,7.8,7.6,7.4,7.3,7.1,7,6.8,6.7,6.6
wabas41,23,20.8,18.8,16.9,15.2,13.7,12.4,11.2,10.2,9.3,8.6,8,7.4,7,6.6,6.3,6,5.7,5.5,5.3,5.2
wabas57,27,24.4,22,20,18.2,16.6,15.2,14,12.9,12,11.2,10.5,9.9,9.3,8.9,8.4,8.1,7.7,7.4,7.1,6.9
