"Taxa","CM00","CM01","CM02","CM03","CM04","CM05","CM06","CM07","CM08","CM09","CM10","GM00","GM01","GM02","GM03","GM04","GM05","GM06","GM07","GM08","GM09","GM10","MK00","MK01","MK02","MK03","MK04","MK05","MK06","MK07","MK08","MK09","MK10","PT00","PT01","PT02","PT03","PT04","PT05","PT06","PT07","PT08","PT09","PT10","TP00","TP01","TP02","TP03","TP04","TP05","TP06","TP07","TP08","TP09","TP10"
"3",0,0,0,0,0,0,0,0,0,0,0,0,0,0,0,0,0,0,0,0,0,0,0,0,0,0,0,0,0,0,0,0,0,2,3,1,0,2,0,2,1,0,3,3,1,1,0,0,2,0,2,1,5,2,0
"27",2,2,1,2,1,3,1,2,2,4,1,9,15,5,3,6,17,12,19,9,6,3,17,17,29,19,14,24,20,16,17,22,20,1,1,4,3,2,0,1,0,1,1,2,1,1,0,3,2,1,1,0,2,0,0
"30",11,5,6,14,6,11,7,13,3,1,28,0,0,0,0,0,0,0,0,0,0,0,0,0,0,0,0,0,0,0,0,0,0,0,0,0,0,0,0,0,0,0,0,0,0,0,0,0,0,0,0,0,0,0,0
"35",13,13,8,2,17,21,11,5,9,4,11,0,0,0,0,0,0,0,0,0,0,0,2,1,4,3,0,1,3,2,1,0,5,0,0,0,0,0,0,0,0,0,0,0,7,6,6,5,9,3,6,8,7,7,5
"46",11,11,13,7,1,7,4,13,18,10,14,0,0,0,0,0,0,0,0,0,0,0,2,1,4,1,2,4,0,1,1,2,3,0,0,0,0,0,0,0,0,0,0,0,4,1,7,7,3,3,4,6,1,7,3
"47",5,3,3,5,11,7,0,5,4,15,15,2,5,1,5,4,1,2,2,2,3,3,0,0,0,0,0,0,0,0,0,0,0,0,0,0,0,0,0,0,0,0,0,0,0,0,0,0,0,0,0,0,0,0,0
"52",3,0,0,3,4,0,5,2,3,0,5,0,0,0,0,0,0,0,0,0,0,0,0,0,0,0,0,0,0,0,0,0,0,1,1,1,3,2,1,3,0,2,2,1,0,0,0,0,0,0,0,0,0,0,0
"61",0,0,0,0,0,0,0,0,0,0,0,0,0,0,0,0,0,0,0,0,0,0,1,1,0,0,2,0,1,1,0,2,0,0,0,0,0,0,0,0,0,0,0,0,0,0,0,0,0,0,0,0,0,0,0
"66",345,388,289,351,420,355,293,351,401,283,391,611,719,771,738,702,704,585,490,503,589,657,254,232,254,237,283,239,250,279,250,248,277,395,343,436,352,365,310,370,434,437,338,431,256,282,219,319,377,346,268,256,334,253,213
"77",3,3,0,4,2,0,3,2,3,3,3,2,5,3,0,2,0,0,4,5,6,0,2,4,2,0,0,0,0,0,0,7,3,0,0,0,0,0,0,0,0,0,0,0,0,0,0,0,0,0,0,0,0,0,0
"97",8,11,16,12,5,6,10,5,9,5,4,3,2,2,1,1,2,2,8,5,0,2,23,30,13,16,28,30,15,17,21,14,15,31,25,27,36,38,31,26,34,28,25,41,12,10,7,19,20,11,19,6,12,13,11
"105",0,0,0,0,0,0,0,0,0,0,0,0,0,0,0,0,0,0,0,0,0,0,2,2,8,1,2,11,4,5,2,10,1,1,2,1,3,1,1,1,2,1,0,0,0,0,0,0,0,0,0,0,0,0,0
"121",14,14,7,12,9,20,16,16,8,11,10,0,0,0,0,0,0,0,0,0,0,0,1,1,1,3,0,0,0,0,2,2,1,3,2,5,2,2,5,3,6,2,2,3,0,0,0,0,0,0,0,0,0,0,0
"124",248,198,390,165,234,196,270,278,257,307,216,72,41,73,61,53,52,52,121,80,93,35,39,34,28,36,40,37,40,34,41,45,50,449,428,346,590,284,265,355,276,334,328,306,15,15,10,15,13,7,15,19,14,31,12
"133",13,10,3,7,39,20,13,11,4,17,14,55,65,51,58,57,59,46,59,58,54,64,7,8,21,12,6,25,2,10,8,0,2,2,6,2,0,2,4,1,2,3,3,1,6,2,8,3,10,2,5,3,1,5,6
"135",2,2,2,1,1,2,0,0,2,1,5,0,0,0,0,0,0,0,0,0,0,0,0,0,0,0,0,0,0,0,0,0,0,0,0,0,0,0,0,0,0,0,0,0,0,0,0,0,0,0,0,0,0,0,0
"137",3,2,4,2,5,0,2,4,5,3,1,1,2,0,0,1,5,0,0,1,2,0,0,0,0,0,0,0,0,0,0,0,0,1,1,0,2,1,4,0,1,0,0,2,2,8,3,0,0,6,3,1,0,1,2
"143",1,2,0,2,1,2,0,3,0,0,1,1,1,1,0,0,2,1,0,3,3,0,0,0,0,0,0,0,0,0,0,0,0,0,0,0,0,0,0,0,0,0,0,0,0,0,0,0,0,0,0,0,0,0,0
"180",0,0,0,0,0,0,0,0,0,0,0,1,0,1,3,2,0,3,0,2,0,0,0,0,0,0,0,0,0,0,0,0,0,1,1,0,0,0,3,1,2,0,0,2,0,0,0,0,0,0,0,0,0,0,0
"184",3,1,4,5,3,2,5,0,3,5,2,1,0,1,0,2,0,3,3,5,1,0,5,12,1,4,6,13,1,3,9,7,4,16,19,10,18,18,20,11,14,12,15,15,0,0,0,0,0,0,0,0,0,0,0
"190",0,0,0,0,0,0,0,0,0,0,0,3,3,2,4,4,6,4,4,6,2,4,1,2,3,1,1,1,0,2,0,1,0,0,0,0,0,0,0,0,0,0,0,0,0,0,0,0,0,0,0,0,0,0,0
"194",0,0,0,0,0,0,0,0,0,0,0,0,0,0,0,0,0,0,0,0,0,0,1,0,2,0,0,2,2,1,1,1,1,0,0,0,0,0,0,0,0,0,0,0,4,6,7,7,6,1,2,5,1,9,6
"196",1,3,0,0,2,0,0,3,2,1,0,6,4,6,3,7,4,5,2,5,8,7,11,7,17,4,22,10,2,7,9,27,8,0,0,0,0,0,0,0,0,0,0,0,8,10,4,2,7,8,8,8,7,12,5
"198",1,2,2,0,0,1,0,1,1,2,1,29,35,28,12,27,34,30,28,34,32,25,11,9,14,7,1,8,8,18,10,6,32,3,3,3,4,2,2,6,4,3,1,2,17,28,21,18,11,9,9,26,22,18,17
"201",96,77,102,88,125,85,63,97,101,78,90,122,125,108,118,97,124,111,105,135,140,118,462,476,449,520,501,494,491,574,564,491,480,25,16,23,29,19,18,17,25,20,28,25,248,193,236,337,198,180,195,338,208,246,272
"202",4,6,6,0,1,4,3,2,5,11,3,2,3,2,3,0,2,2,0,2,2,1,9,5,3,9,18,11,15,13,6,11,6,0,0,0,0,0,0,0,0,0,0,0,0,0,0,0,0,0,0,0,0,0,0
"221",98,124,89,108,79,109,118,77,153,70,67,169,227,103,161,184,143,242,123,175,150,153,64,74,96,88,59,114,34,41,62,72,65,25,24,26,28,27,24,26,35,23,29,35,123,100,102,110,134,146,126,123,125,119,135
"258",28,4,0,25,27,5,11,47,17,67,54,7,1,10,10,5,0,5,6,12,2,8,2,3,2,1,2,0,1,4,10,0,5,22,17,21,16,40,30,13,18,23,21,12,0,0,0,0,0,0,0,0,0,0,0
"295",22,30,35,17,20,11,15,27,17,10,32,0,0,0,0,0,0,0,0,0,0,0,0,0,0,0,0,0,0,0,0,0,0,9,2,9,10,4,12,10,9,8,9,7,0,0,0,0,0,0,0,0,0,0,0
"299",20,10,17,10,34,12,15,13,17,17,24,5,2,4,7,4,4,3,1,5,4,9,6,4,6,8,6,5,1,7,3,5,0,3,4,2,3,2,2,1,3,3,1,5,82,127,117,99,62,50,81,77,74,90,93
"303",2,3,2,3,0,5,2,2,1,2,2,5,4,6,11,6,9,4,5,1,4,0,5,7,4,4,9,7,4,8,6,11,1,5,6,3,6,8,4,3,3,4,6,7,7,11,9,8,4,8,7,3,4,10,11
"325",2,1,1,0,2,2,0,0,0,1,0,0,0,0,0,0,0,0,0,0,0,0,0,0,0,0,0,0,0,0,0,0,0,0,0,0,0,0,0,0,0,0,0,0,11,10,10,7,4,13,11,9,11,14,15
"329",12,16,13,8,12,16,11,10,6,13,17,0,0,0,0,0,0,0,0,0,0,0,0,0,0,0,0,0,0,0,0,0,0,1,2,2,1,2,2,1,2,1,1,1,0,0,0,0,0,0,0,0,0,0,0
"338",4,4,4,6,5,3,4,7,3,3,5,0,0,0,0,0,0,0,0,0,0,0,0,0,0,0,0,0,0,0,0,0,0,12,9,9,11,12,11,10,11,9,11,16,0,0,0,0,0,0,0,0,0,0,0
"339",0,0,0,0,0,0,0,0,0,0,0,1,6,1,0,2,1,7,2,0,2,2,1,2,1,3,0,0,1,4,1,2,0,0,0,0,0,0,0,0,0,0,0,0,7,1,6,1,9,4,3,8,7,9,4
"340",2,1,1,1,7,3,0,2,3,1,4,0,0,0,0,0,0,0,0,0,0,0,0,0,0,0,0,0,0,0,0,0,0,0,0,0,0,0,0,0,0,0,0,0,0,0,0,0,0,0,0,0,0,0,0
"350",2,3,3,4,2,1,1,3,1,1,2,0,0,0,0,0,0,0,0,0,0,0,10,20,1,4,13,12,15,1,5,16,9,1,1,2,4,0,2,0,0,3,1,0,2,2,1,3,1,1,1,3,2,3,3
"353",7,9,7,5,1,6,5,4,6,9,18,0,0,0,0,0,0,0,0,0,0,0,2,1,3,5,0,1,2,1,1,2,0,0,0,0,0,0,0,0,0,0,0,0,0,0,0,0,0,0,0,0,0,0,0
"363",6,9,2,6,1,4,8,0,5,7,9,2,0,0,0,0,0,0,0,0,0,0,16,13,17,18,17,25,12,14,11,19,17,0,0,0,0,0,0,0,0,0,0,0,2,0,1,0,4,3,1,2,3,1,3
"379",83,57,73,158,72,31,88,66,72,97,87,0,0,0,0,0,0,0,0,0,0,0,0,0,0,0,0,0,0,0,0,0,0,29,18,35,11,37,63,66,31,24,6,15,1,1,0,2,0,3,0,0,2,1,2
"385",0,0,0,0,0,0,0,0,0,0,0,2,1,5,1,4,4,2,2,1,2,4,0,0,0,0,0,0,0,0,0,0,0,0,0,0,0,0,0,0,0,0,0,0,1,0,2,1,1,0,1,0,0,1,1
"387",0,0,0,0,0,0,0,0,0,0,0,38,31,33,40,42,37,33,28,31,30,40,13,12,19,22,10,8,12,13,9,11,11,0,0,0,0,0,0,0,0,0,0,0,2,0,3,1,3,2,0,1,6,3,3
"397",3,0,0,6,1,1,0,1,3,1,6,9,5,4,9,4,13,8,10,6,4,14,19,21,11,13,5,10,14,7,27,20,23,0,0,0,0,0,0,0,0,0,0,0,12,17,17,16,25,3,13,9,4,8,38
"411",2,2,1,0,5,1,0,2,0,2,2,0,0,0,0,0,0,0,0,0,0,0,0,0,0,0,0,0,0,0,0,0,0,0,0,0,0,0,0,0,0,0,0,0,0,0,0,0,0,0,0,0,0,0,0
"423",0,0,0,0,0,0,0,0,0,0,0,0,0,0,0,0,0,0,0,0,0,0,3,1,0,3,1,4,4,0,1,3,5,1,1,0,0,0,3,2,2,1,0,0,5,4,6,4,5,6,8,5,5,2,5
"445",11,1,15,13,11,0,10,7,5,1,25,8,7,13,14,6,17,5,6,8,14,1,7,3,2,12,7,12,5,2,14,7,10,5,5,0,5,5,1,13,2,2,1,7,0,0,0,0,0,0,0,0,0,0,0
"452",40,58,43,34,34,47,49,43,33,43,45,0,0,0,0,0,0,0,0,0,0,0,0,0,0,0,0,0,0,0,0,0,0,14,9,9,11,15,11,10,15,13,14,8,0,0,0,0,0,0,0,0,0,0,0
"456",0,0,0,0,0,0,0,0,0,0,0,6,6,8,5,4,4,4,8,4,4,6,1,2,1,0,0,0,0,1,2,0,2,0,0,0,0,0,0,0,0,0,0,0,2,4,0,0,3,0,0,3,2,3,0
"459",0,0,0,0,0,0,0,0,0,0,0,0,0,0,0,0,0,0,0,0,0,0,1,1,3,0,1,2,1,1,4,1,0,0,0,0,0,0,0,0,0,0,0,0,0,0,0,0,0,0,0,0,0,0,0
"462",100,87,122,121,73,114,142,97,92,82,102,291,156,286,205,200,270,285,361,276,248,279,84,123,76,69,89,57,128,111,74,69,116,451,558,430,297,474,641,433,650,611,598,453,241,286,371,198,213,288,252,131,192,167,313
"468",1,4,1,0,0,1,3,2,0,1,3,0,0,0,0,0,0,0,0,0,0,0,0,0,0,0,0,0,0,0,0,0,0,11,10,11,15,14,6,16,17,9,12,15,0,0,0,0,0,0,0,0,0,0,0
"482",0,0,0,0,0,0,0,0,0,0,0,4,6,2,3,0,3,16,15,1,6,3,18,18,17,14,11,25,17,12,22,19,17,0,0,0,0,0,0,0,0,0,0,0,9,10,9,6,7,11,6,10,8,8,11
"486",3,8,0,1,2,2,2,5,3,2,1,1,0,2,2,2,1,2,1,0,0,1,0,0,0,0,0,0,0,0,0,0,0,4,4,2,5,7,4,2,3,2,7,4,0,0,0,0,0,0,0,0,0,0,0
"506",3,19,1,1,0,0,6,5,4,0,1,0,0,0,0,0,0,0,0,0,0,0,0,0,0,0,0,0,0,0,0,0,0,0,0,0,0,0,0,0,0,0,0,0,0,0,0,0,0,0,0,0,0,0,0
"549",0,0,0,0,0,0,0,0,0,0,0,2,2,1,3,2,1,1,2,2,0,3,9,6,16,12,10,10,7,9,12,6,10,0,0,0,0,0,0,0,0,0,0,0,0,0,0,0,0,0,0,0,0,0,0
"559",1,2,1,1,2,1,0,1,1,1,0,1,3,1,1,0,0,0,0,3,2,0,0,0,0,0,0,0,0,0,0,0,0,1,1,1,1,1,1,0,1,1,1,3,0,0,0,0,0,0,0,0,0,0,0
"563",2,0,1,1,2,3,0,4,4,2,0,114,92,90,140,138,47,129,134,134,190,148,20,17,30,24,13,17,28,11,21,14,19,0,0,0,0,0,0,0,0,0,0,0,1,0,0,2,2,2,2,3,0,2,3
"565",54,56,56,65,60,52,57,52,53,56,55,65,74,58,57,73,61,55,75,57,56,58,77,84,94,67,79,66,113,66,78,101,60,16,17,19,6,20,15,8,15,17,17,24,60,70,51,51,59,65,48,56,59,62,37
"579",3,6,2,4,4,1,6,4,5,1,4,6,10,4,0,3,7,4,2,7,1,10,0,0,0,0,0,0,0,0,0,0,0,1,1,0,0,4,0,3,1,3,0,0,1,3,1,1,0,1,1,1,2,0,2
"587",13,11,10,18,20,9,29,13,13,8,10,2,2,3,2,1,2,4,2,1,0,0,7,9,3,6,7,10,7,5,9,8,6,335,285,378,320,401,323,349,268,265,284,329,219,106,94,131,137,207,262,361,239,298,159
"610",8,13,6,4,7,13,8,9,6,7,4,13,15,3,19,13,15,5,9,5,11,9,16,21,14,12,16,19,19,23,17,14,16,0,0,0,0,0,0,0,0,0,0,0,4,1,5,3,4,4,13,0,8,4,1
"617",7,6,9,6,8,10,10,2,6,3,13,0,0,0,0,0,0,0,0,0,0,0,10,7,11,17,5,12,7,10,7,4,5,25,21,23,21,16,12,31,23,18,10,40,6,5,9,4,7,6,6,6,6,2,4
"625",2,1,2,1,1,4,0,2,3,4,4,0,0,0,0,0,0,0,0,0,0,0,0,0,0,0,0,0,0,0,0,0,0,7,12,9,10,8,5,4,6,5,10,7,0,0,0,0,0,0,0,0,0,0,0
"637",43,70,35,47,40,49,46,42,36,42,31,23,17,22,13,33,20,24,26,17,23,29,23,19,21,27,24,15,35,31,19,19,25,47,70,68,41,32,49,40,34,42,43,59,94,149,107,121,116,89,72,95,121,102,87
"640",0,0,0,0,0,0,0,0,0,0,0,1,4,1,0,5,4,2,0,0,2,0,13,11,14,5,7,15,10,13,7,19,6,1,2,1,2,3,2,1,0,0,2,0,0,0,0,0,0,0,0,0,0,0,0
"646",0,0,0,0,0,0,0,0,0,0,0,2,4,1,2,4,1,2,2,1,1,2,0,0,0,0,0,0,0,0,0,0,0,0,0,0,0,0,0,0,0,0,0,0,3,3,2,1,7,3,4,3,7,2,1
"649",23,39,23,11,32,51,9,38,18,19,13,0,0,0,0,0,0,0,0,0,0,0,4,9,4,5,1,2,5,3,3,6,4,21,23,14,23,14,20,19,13,30,22,18,0,0,0,0,0,0,0,0,0,0,0
"651",40,45,32,10,2,146,46,27,4,20,1,26,22,20,26,22,39,27,33,16,30,23,124,128,151,150,135,114,140,103,99,139,147,1,1,0,0,2,0,1,2,1,1,0,1,0,1,1,1,0,1,2,1,2,0
"654",49,25,30,43,38,37,46,49,52,46,36,0,0,0,0,0,0,0,0,0,0,0,0,0,0,0,0,0,0,0,0,0,0,26,30,17,19,15,26,27,24,12,28,19,15,32,27,5,18,7,6,13,20,28,20
"655",3,8,1,3,1,14,0,0,7,1,11,7,11,6,9,6,7,5,6,7,6,10,9,10,7,8,10,11,11,11,5,6,10,108,104,115,119,130,99,111,102,115,127,106,2,0,5,3,1,3,4,2,4,5,1
